<TICKER>,<PER>,<DATE>,<TIME>,<OPEN>,<HIGH>,<LOW>,<CLOSE>,<VOL>,<OPENINT>
SPEQ.UK,D,20210510,000000,48.34,48.5775,48.34,48.5775,864,0
SPEQ.UK,D,20210511,000000,47.85,47.9,47.4325,47.4325,22494,0
SPEQ.UK,D,20210512,000000,47.09,47.09,47.09,47.09,0,0
SPEQ.UK,D,20210513,000000,46.935,46.935,46.935,46.935,0,0
SPEQ.UK,D,20210514,000000,47.32,47.67,47.31,47.66,9417,0
SPEQ.UK,D,20210517,000000,47.685,47.695,47.5975,47.5975,9000,0
SPEQ.UK,D,20210518,000000,47.815,47.95,47.6925,47.6925,24,0
SPEQ.UK,D,20210519,000000,47.28,47.28,46.775,46.775,3785,0
SPEQ.UK,D,20210520,000000,47.34,47.34,47.34,47.34,0,0
SPEQ.UK,D,20210521,000000,47.63,47.76,47.63,47.64,1090,0
SPEQ.UK,D,20210524,000000,47.83,47.83,47.83,47.83,0,0
SPEQ.UK,D,20210525,000000,47.945,47.955,47.6675,47.6675,27,0
SPEQ.UK,D,20210526,000000,47.79001,47.955,47.655,47.655,2,0
SPEQ.UK,D,20210527,000000,47.9175,47.9175,47.9175,47.9175,0,0
SPEQ.UK,D,20210528,000000,48.185,48.185,48.04,48.04,1252,0
SPEQ.UK,D,20210601,000000,48.215,48.265,48.215,48.225,36,0
SPEQ.UK,D,20210602,000000,48.305,48.305,48.305,48.305,0,0
SPEQ.UK,D,20210603,000000,48.2275,48.2275,48.2275,48.2275,0,0
SPEQ.UK,D,20210604,000000,48.2525,48.2525,48.2525,48.2525,0,0
SPEQ.UK,D,20210607,000000,48.425,48.425,48.295,48.295,14,0
SPEQ.UK,D,20210608,000000,48.1675,48.1675,48.1675,48.1675,0,0
SPEQ.UK,D,20210609,000000,48.425,48.425,48.35,48.35,6007,0
SPEQ.UK,D,20210610,000000,48.23,48.23,48.23,48.23,0,0
SPEQ.UK,D,20210611,000000,48.245,48.245,48.245,48.245,0,0
SPEQ.UK,D,20210614,000000,48.505,48.505,48.1175,48.1175,329,0
SPEQ.UK,D,20210615,000000,48.405,48.505,48.135,48.135,8,0
SPEQ.UK,D,20210616,000000,48.31,48.505,48.195,48.195,3,0
SPEQ.UK,D,20210617,000000,47.47,47.47,47.47,47.47,0,0
SPEQ.UK,D,20210618,000000,47.4,47.4,46.8225,46.8225,108,0
SPEQ.UK,D,20210621,000000,46.77,47.37,46.77,47.37,17,0
SPEQ.UK,D,20210622,000000,47.57001,47.6325,46.77,47.6325,2,0
SPEQ.UK,D,20210623,000000,47.64,47.79,47.64,47.675,1499,0
SPEQ.UK,D,20210624,000000,47.825,47.84,47.7325,47.7325,29,0
SPEQ.UK,D,20210625,000000,47.71,48.105,47.705,48.105,14,0
SPEQ.UK,D,20210628,000000,48.27,48.27,47.705,47.8975,3,0
SPEQ.UK,D,20210629,000000,47.855,48.185,47.705,48.185,1,0
SPEQ.UK,D,20210630,000000,48.12,48.12,47.705,47.9975,3,0
SPEQ.UK,D,20210701,000000,48.285,48.3375,47.705,48.3375,1,0
SPEQ.UK,D,20210702,000000,48.535,48.535,47.705,48.3975,2,0
SPEQ.UK,D,20210705,000000,48.525,48.545,48.525,48.545,2996,0
SPEQ.UK,D,20210706,000000,48.58,48.58,47.86,47.86,1,0
SPEQ.UK,D,20210707,000000,48.235,48.235,48.1375,48.1375,155,0
SPEQ.UK,D,20210708,000000,47.495,47.795,47.495,47.795,17,0
SPEQ.UK,D,20210709,000000,47.91,48.2925,47.91,48.2925,3056,0
SPEQ.UK,D,20210712,000000,48.495,48.535,47.91,48.535,3,0
SPEQ.UK,D,20210713,000000,48.38,48.38,48.38,48.38,0,0
SPEQ.UK,D,20210714,000000,48.395,48.395,48.065,48.065,100,0
SPEQ.UK,D,20210715,000000,48.0025,48.0025,48.0025,48.0025,0,0
SPEQ.UK,D,20210716,000000,47.865,47.865,47.865,47.865,0,0
SPEQ.UK,D,20210719,000000,46.725,46.725,46.725,46.725,0,0
SPEQ.UK,D,20210720,000000,46.975,47.61,46.975,47.53,3086,0
SPEQ.UK,D,20210721,000000,47.9525,47.9525,47.9525,47.9525,0,0
SPEQ.UK,D,20210722,000000,48.095,48.095,46.975,47.875,1,0
SPEQ.UK,D,20210723,000000,48.045,48.3125,48.045,48.3125,12,0
SPEQ.UK,D,20210726,000000,48.26,48.455,48.26,48.455,7,0
SPEQ.UK,D,20210727,000000,48.175,48.37,48.175,48.3075,3,0
SPEQ.UK,D,20210728,000000,48.445,48.445,48.2,48.345,3120,0
SPEQ.UK,D,20210729,000000,48.835,48.835,48.835,48.835,0,0
SPEQ.UK,D,20210730,000000,48.495,48.7425,48.495,48.7425,313,0
SPEQ.UK,D,20210802,000000,48.9,48.9,48.9,48.9,0,0
SPEQ.UK,D,20210803,000000,48.845,48.845,48.495,48.69,1,0
SPEQ.UK,D,20210804,000000,48.75,48.75,48.75,48.75,0,0
SPEQ.UK,D,20210805,000000,48.8475,48.8475,48.8475,48.8475,0,0
SPEQ.UK,D,20210806,000000,48.955,49.13,48.495,49.13,5,0
SPEQ.UK,D,20210809,000000,48.9725,48.9725,48.9725,48.9725,0,0
SPEQ.UK,D,20210810,000000,49.315,49.315,49.315,49.315,0,0
SPEQ.UK,D,20210811,000000,49.25999,49.325,48.495,49.325,1,0
SPEQ.UK,D,20210812,000000,49.365,49.365,49.365,49.365,0,0
SPEQ.UK,D,20210813,000000,49.52,49.525,49.52,49.525,200,0
SPEQ.UK,D,20210816,000000,49.325,49.4025,49.325,49.4025,12,0
SPEQ.UK,D,20210817,000000,49.0825,49.0825,49.0825,49.0825,0,0
SPEQ.UK,D,20210818,000000,49.245,49.245,49.1225,49.1225,11,0
SPEQ.UK,D,20210819,000000,48.165,48.3975,48.165,48.3975,2122,0
SPEQ.UK,D,20210820,000000,48.7375,48.7375,48.7375,48.7375,0,0
SPEQ.UK,D,20210823,000000,49.13499,49.2725,48.165,49.2725,3,0
SPEQ.UK,D,20210824,000000,49.395,49.4425,49.395,49.4425,203,0
SPEQ.UK,D,20210825,000000,49.6625,49.6625,49.6625,49.6625,0,0
SPEQ.UK,D,20210826,000000,49.49,49.49,49.49,49.49,0,0
SPEQ.UK,D,20210827,000000,49.805,49.8375,49.805,49.8375,13,0
SPEQ.UK,D,20210831,000000,49.855,49.855,49.8525,49.8525,197,0
SPEQ.UK,D,20210901,000000,49.7475,49.7475,49.7475,49.7475,0,0
SPEQ.UK,D,20210902,000000,49.915,50.14,49.915,50.14,10,0
SPEQ.UK,D,20210903,000000,49.9925,49.9925,49.9925,49.9925,0,0
SPEQ.UK,D,20210906,000000,50.1,50.14,50.1,50.105,40,0
SPEQ.UK,D,20210907,000000,50.09,50.09,49.5875,49.5875,604,0
SPEQ.UK,D,20210908,000000,49.445,49.47,49.445,49.47,108,0
SPEQ.UK,D,20210909,000000,49.645,49.645,49.645,49.645,0,0
SPEQ.UK,D,20210910,000000,49.685,49.685,49.265,49.265,11,0
SPEQ.UK,D,20210913,000000,49.42,49.42,49.2125,49.2125,2044,0
SPEQ.UK,D,20210914,000000,49.375,49.375,49.045,49.045,662,0
SPEQ.UK,D,20210915,000000,49.1375,49.1375,49.1375,49.1375,0,0
SPEQ.UK,D,20210916,000000,49.12,49.12,49.0825,49.0825,224,0
SPEQ.UK,D,20210917,000000,48.885,48.885,48.885,48.885,0,0
SPEQ.UK,D,20210920,000000,48.15,48.23,47.815,48.0725,2328,0
SPEQ.UK,D,20210921,000000,48.22501,48.23,47.815,47.91,2,0
SPEQ.UK,D,20210922,000000,48.2,48.52,48.2,48.52,200,0
SPEQ.UK,D,20210923,000000,49.2125,49.2125,49.2125,49.2125,0,0
SPEQ.UK,D,20210924,000000,49.165,49.165,49.165,49.165,0,0
SPEQ.UK,D,20210927,000000,49.465,49.5,49.465,49.5,25,0
SPEQ.UK,D,20210928,000000,48.825,48.825,48.765,48.765,207,0
SPEQ.UK,D,20210929,000000,48.845,48.845,48.845,48.845,0,0
SPEQ.UK,D,20210930,000000,49.11,49.11,48.58,48.58,10,0
SPEQ.UK,D,20211001,000000,48.12,48.1275,48.11,48.1275,162,0
SPEQ.UK,D,20211004,000000,48.18,48.18,48.18,48.18,0,0
SPEQ.UK,D,20211005,000000,48.31,48.8375,48.11,48.8375,2,0
SPEQ.UK,D,20211006,000000,48.035,48.035,47.9725,47.9725,519,0
SPEQ.UK,D,20211007,000000,49.315,49.3625,49.315,49.3625,50,0
SPEQ.UK,D,20211008,000000,49.235,49.315,49.15,49.15,2,0
SPEQ.UK,D,20211011,000000,49.3,49.3,49.18,49.18,152,0
SPEQ.UK,D,20211012,000000,48.8275,48.8275,48.8275,48.8275,0,0
SPEQ.UK,D,20211013,000000,48.5775,48.5775,48.5775,48.5775,0,0
SPEQ.UK,D,20211014,000000,48.995,49.4125,48.995,49.4125,10,0
SPEQ.UK,D,20211015,000000,49.9,49.9,49.895,49.895,1620,0
SPEQ.UK,D,20211018,000000,49.835,49.835,49.835,49.835,0,0
SPEQ.UK,D,20211019,000000,50.01,50.0575,50.01,50.0575,22,0
SPEQ.UK,D,20211020,000000,50.395,50.395,50.395,50.395,0,0
SPEQ.UK,D,20211021,000000,50.24,50.24,50.24,50.24,0,0
SPEQ.UK,D,20211022,000000,50.63,50.63,50.63,50.63,0,0
SPEQ.UK,D,20211025,000000,50.88,50.895,50.88,50.895,1690,0
SPEQ.UK,D,20211026,000000,50.87,50.945,50.87,50.945,46,0
SPEQ.UK,D,20211027,000000,50.405,50.405,50.405,50.405,0,0
SPEQ.UK,D,20211028,000000,50.38,50.38,50.38,50.38,0,0
SPEQ.UK,D,20211029,000000,50.5,50.5,50.475,50.475,418,0
SPEQ.UK,D,20211101,000000,50.7,50.765,50.7,50.765,12,0
SPEQ.UK,D,20211102,000000,50.8,50.92,50.8,50.92,1456,0
SPEQ.UK,D,20211103,000000,51.16,51.16,50.8,51.015,5,0
SPEQ.UK,D,20211104,000000,51.25,51.25,51.17,51.17,9,0
SPEQ.UK,D,20211105,000000,51.17,51.79,51.17,51.6,147,0
SPEQ.UK,D,20211108,000000,51.665,51.665,51.665,51.665,0,0
SPEQ.UK,D,20211109,000000,51.66,51.79,51.17,51.475,1,0
SPEQ.UK,D,20211110,000000,51.72,51.72,51.63,51.63,590,0
SPEQ.UK,D,20211111,000000,51.48,51.48,51.37,51.37,12,0
SPEQ.UK,D,20211112,000000,51.63,51.63,51.63,51.63,0,0
SPEQ.UK,D,20211115,000000,51.82,51.82,51.765,51.765,11,0
SPEQ.UK,D,20211116,000000,51.73,51.905,51.73,51.905,5,0
SPEQ.UK,D,20211117,000000,51.64,51.64,51.48,51.48,195,0
SPEQ.UK,D,20211118,000000,51.35,51.35,51.325,51.325,45,0
SPEQ.UK,D,20211119,000000,51.07,51.25,51.07,51.185,2134,0
SPEQ.UK,D,20211122,000000,51.18,51.5,51.18,51.5,10,0
SPEQ.UK,D,20211123,000000,51.155,51.155,51.155,51.155,0,0
SPEQ.UK,D,20211124,000000,51.3,51.3,51.295,51.295,190,0
SPEQ.UK,D,20211125,000000,51.415,51.415,51.415,51.415,0,0
SPEQ.UK,D,20211126,000000,50.15,50.44,49.8975,49.8975,2145,0
SPEQ.UK,D,20211129,000000,50.245,50.245,50.245,50.245,0,0
SPEQ.UK,D,20211130,000000,49.855,49.855,49.6175,49.6175,2122,0
SPEQ.UK,D,20211201,000000,49.785,50.1,49.785,50.1,405,0
SPEQ.UK,D,20211202,000000,49.06,49.525,49.06,49.4625,586,0
SPEQ.UK,D,20211203,000000,49.455,49.455,49.4,49.4,10,0
SPEQ.UK,D,20211206,000000,50.17,50.17,50.17,50.17,0,0
SPEQ.UK,D,20211207,000000,50.54,51.105,50.54,51.105,2122,0
SPEQ.UK,D,20211208,000000,51.17,51.17,51.01,51.01,26,0
SPEQ.UK,D,20211209,000000,50.905,50.905,50.905,50.905,0,0
SPEQ.UK,D,20211210,000000,50.735,50.735,50.735,50.735,0,0
SPEQ.UK,D,20211213,000000,50.55,50.55,50.55,50.55,0,0
SPEQ.UK,D,20211214,000000,50.97,50.97,50.455,50.455,20,0
SPEQ.UK,D,20211215,000000,50.24001,50.97,50.16,50.16,2,0
SPEQ.UK,D,20211216,000000,51.36,51.36,51.36,51.36,0,0
SPEQ.UK,D,20211217,000000,50.86,50.86,50.86,50.86,0,0
SPEQ.UK,D,20211220,000000,49.805,49.805,49.24,49.24,229,0
SPEQ.UK,D,20211221,000000,49.735,50.39,49.735,50.325,483,0
SPEQ.UK,D,20211222,000000,50.66,50.895,49.735,50.895,1,0
SPEQ.UK,D,20211223,000000,51.39,51.39,51.39,51.39,0,0
SPEQ.UK,D,20211224,000000,51.44,51.44,51.44,51.44,0,0
SPEQ.UK,D,20211229,000000,52.37,52.37,52.185,52.185,6,0
SPEQ.UK,D,20211230,000000,52.41,52.41,52.34,52.34,1,0
SPEQ.UK,D,20211231,000000,52.04,52.04,52.04,52.04,0,0
SPEQ.UK,D,20220104,000000,52.49,52.69,52.36,52.635,177,0
SPEQ.UK,D,20220105,000000,52.82,52.82,52.75,52.75,17,0
SPEQ.UK,D,20220106,000000,52.04001,52.82,51.93,51.93,8,0
SPEQ.UK,D,20220107,000000,51.8,51.935,51.8,51.935,50,0
SPEQ.UK,D,20220110,000000,51.68,51.68,51.19,51.19,1,0
SPEQ.UK,D,20220111,000000,51.66,51.84,51.57,51.57,366,0
SPEQ.UK,D,20220112,000000,52.045,52.045,52.045,52.045,0,0
SPEQ.UK,D,20220113,000000,52.08,52.38,51.65,52.38,2,0
SPEQ.UK,D,20220114,000000,51.375,51.375,51.375,51.375,0,0
SPEQ.UK,D,20220117,000000,51.9,51.95,51.9,51.945,15,0
SPEQ.UK,D,20220118,000000,51.78,51.95,51.085,51.085,1,0
SPEQ.UK,D,20220119,000000,51.2,51.2,50.855,50.855,110,0
SPEQ.UK,D,20220120,000000,50.49,51.045,50.49,51.045,2135,0
SPEQ.UK,D,20220121,000000,50.07001,50.49,49.945,49.945,1,0
SPEQ.UK,D,20220124,000000,48.085,48.085,48.085,48.085,0,0
SPEQ.UK,D,20220125,000000,48.535,48.535,48.535,48.535,404,0
SPEQ.UK,D,20220126,000000,49.5,49.5,49.46,49.46,100,0
SPEQ.UK,D,20220127,000000,48.65001,49.5,48.65001,49.045,2,0
SPEQ.UK,D,20220128,000000,48.16,48.45,48.09,48.38,4179,0
SPEQ.UK,D,20220131,000000,49.265,49.34,48.09,49.34,3,0
SPEQ.UK,D,20220201,000000,49.9075,49.9075,49.9075,49.9075,0,0
SPEQ.UK,D,20220202,000000,50.44,50.65,50.23,50.33,42955,0
SPEQ.UK,D,20220203,000000,50.48,50.56,50.42,50.42,2119,0
SPEQ.UK,D,20220204,000000,49.62,49.62,49.62,49.62,0,0
SPEQ.UK,D,20220207,000000,50.08,50.08,50.065,50.065,23,0
SPEQ.UK,D,20220208,000000,50.28,50.28,50.225,50.225,164,0
SPEQ.UK,D,20220209,000000,50.81,51.115,50.77,51.115,700,0
SPEQ.UK,D,20220210,000000,51.00999,51.2,50.77,51.2,1,0
SPEQ.UK,D,20220211,000000,50.55,50.73,50.48,50.535,180,0
SPEQ.UK,D,20220214,000000,50.16,50.16,49.455,49.455,13,0
SPEQ.UK,D,20220215,000000,50.055,50.055,50.055,50.055,0,0
SPEQ.UK,D,20220216,000000,50.02,50.02,50.015,50.015,31,0
SPEQ.UK,D,20220217,000000,49.7425,49.7425,49.7425,49.7425,0,0
SPEQ.UK,D,20220218,000000,49.2475,49.2475,49.2475,49.2475,0,0
SPEQ.UK,D,20220221,000000,48.985,48.985,48.865,48.865,197,0
SPEQ.UK,D,20220222,000000,48.845,49.175,48.845,49.0925,674,0
SPEQ.UK,D,20220223,000000,49.105,49.175,48.4775,48.4775,3,0
SPEQ.UK,D,20220224,000000,47.42,47.42,47.3575,47.3575,8,0
SPEQ.UK,D,20220225,000000,47.94,49.2875,47.94,49.2875,10,0
SPEQ.UK,D,20220228,000000,49.61,49.61,49.61,49.61,0,0
SPEQ.UK,D,20220301,000000,48.9,48.9,48.825,48.825,60,0
SPEQ.UK,D,20220302,000000,48.61,49.495,48.61,49.465,1110,0
SPEQ.UK,D,20220303,000000,49.965,49.965,48.61,49.3725,4,0
SPEQ.UK,D,20220304,000000,48.7475,48.7475,48.7475,48.7475,0,0
SPEQ.UK,D,20220307,000000,48.395,48.65,48.395,48.65,164,0
SPEQ.UK,D,20220308,000000,48.08,48.08,47.675,47.675,273,0
SPEQ.UK,D,20220309,000000,48.19,48.4475,48.19,48.4475,2522,0
SPEQ.UK,D,20220310,000000,48.235,48.285,47.93,47.965,609,0
SPEQ.UK,D,20220311,000000,48.875,48.91,48.4975,48.4975,289,0
SPEQ.UK,D,20220314,000000,48.54001,48.91,47.96,47.96,6,0
SPEQ.UK,D,20220315,000000,47.58,48.91,47.58,48.23,2,0
SPEQ.UK,D,20220316,000000,49.1825,49.1825,49.1825,49.1825,0,0
SPEQ.UK,D,20220317,000000,49.25,49.715,49.25,49.715,265,0
SPEQ.UK,D,20220318,000000,49.85,50.0575,49.85,50.0575,21,0
SPEQ.UK,D,20220321,000000,50.31,50.4,50.25,50.25,3960,0
SPEQ.UK,D,20220322,000000,50.56,50.56,50.495,50.495,240,0
SPEQ.UK,D,20220323,000000,50.49,50.5,50.28,50.28,16,0
SPEQ.UK,D,20220324,000000,50.235,50.235,50.235,50.235,0,0
SPEQ.UK,D,20220325,000000,50.59,50.59,50.59,50.59,0,0
SPEQ.UK,D,20220328,000000,50.85001,50.85001,50.49,50.59,4,0
SPEQ.UK,D,20220329,000000,51.43,51.51,51.43,51.51,50,0
SPEQ.UK,D,20220330,000000,51.54,51.59,51.54,51.54,200,0
SPEQ.UK,D,20220331,000000,51.4,51.41,51.34,51.34,46,0
SPEQ.UK,D,20220401,000000,50.745,50.745,50.745,50.745,0,0
SPEQ.UK,D,20220404,000000,50.865,50.865,50.865,50.865,0,0
SPEQ.UK,D,20220405,000000,50.94,50.94,50.845,50.845,1541,0
SPEQ.UK,D,20220406,000000,49.875,50.07,49.875,50.07,202,0
SPEQ.UK,D,20220407,000000,50.4,50.4,49.8325,49.8325,14432,0
SPEQ.UK,D,20220408,000000,50.76,50.79,50.67,50.67,990,0
SPEQ.UK,D,20220411,000000,50.29,50.35,50.215,50.215,75,0
SPEQ.UK,D,20220412,000000,50.455,50.455,50.455,50.455,0,0
SPEQ.UK,D,20220413,000000,50.19,50.205,50.19,50.205,500,0
SPEQ.UK,D,20220414,000000,50.35,50.415,50.35,50.415,715,0
SPEQ.UK,D,20220419,000000,49.79001,50.655,49.79001,50.655,6,0
SPEQ.UK,D,20220420,000000,51.22,51.22,51.22,51.22,0,0
SPEQ.UK,D,20220421,000000,51.24,51.24,51.24,51.24,0,0
SPEQ.UK,D,20220422,000000,50.17,50.35,49.6875,49.6875,4,0
SPEQ.UK,D,20220425,000000,48.585,48.785,48.27,48.27,96,0
SPEQ.UK,D,20220426,000000,49.325,49.325,48.5275,48.5275,2,0
SPEQ.UK,D,20220427,000000,48.25,48.25,48.25,48.25,0,0
SPEQ.UK,D,20220428,000000,47.945,48.135,47.945,48.135,12,0
SPEQ.UK,D,20220429,000000,48.365,48.47,48.365,48.47,10,0
SPEQ.UK,D,20220503,000000,47.665,48.115,47.425,48.115,1074,0
SPEQ.UK,D,20220504,000000,48.205,48.205,47.8075,47.8075,232,0
SPEQ.UK,D,20220505,000000,48.85,48.85,47.8725,47.8725,6142,0
SPEQ.UK,D,20220506,000000,47.87,48.85,47.5325,47.5325,10,0
SPEQ.UK,D,20220509,000000,46.795,46.795,46.1225,46.1225,1,0
SPEQ.UK,D,20220510,000000,46.29,46.29,45.5725,45.5725,2220,0
SPEQ.UK,D,20220511,000000,46.4,46.4,45.585,46.33,636,0
SPEQ.UK,D,20220512,000000,45.015,45.415,45.015,45.415,16,0
SPEQ.UK,D,20220513,000000,46.485,46.485,46.4825,46.4825,120,0
SPEQ.UK,D,20220516,000000,46.29,46.29,46.205,46.205,1000,0
SPEQ.UK,D,20220517,000000,46.815,46.955,46.29,46.955,11,0
SPEQ.UK,D,20220518,000000,46.0525,46.0525,46.0525,46.0525,0,0
SPEQ.UK,D,20220519,000000,45.165,45.25,44.73,45.24,1190,0
SPEQ.UK,D,20220520,000000,45.79001,45.79001,44.73,44.9675,1,0
SPEQ.UK,D,20220523,000000,46.0025,46.0025,46.0025,46.0025,0,0
SPEQ.UK,D,20220524,000000,45.61,45.61,45.065,45.17,2227,0
SPEQ.UK,D,20220525,000000,46.0925,46.0925,46.0925,46.0925,0,0
SPEQ.UK,D,20220526,000000,47.1525,47.1525,47.1525,47.1525,0,0
SPEQ.UK,D,20220527,000000,47.9375,47.9375,47.9375,47.9375,0,0
SPEQ.UK,D,20220530,000000,48.285,48.51,48.285,48.51,50,0
SPEQ.UK,D,20220531,000000,48.375,48.375,47.765,47.765,491,0
SPEQ.UK,D,20220601,000000,47.13,47.13,47.13,47.13,0,0
SPEQ.UK,D,20220606,000000,48.065,48.16,47.91,47.91,766,0
SPEQ.UK,D,20220607,000000,47.6,48.01,47.6,47.8425,7160,0
SPEQ.UK,D,20220608,000000,48.035,48.13,47.92,48.1,4024,0
SPEQ.UK,D,20220609,000000,47.75,48.13,47.265,47.265,4,0
SPEQ.UK,D,20220610,000000,45.325,45.325,45.325,45.325,0,0
SPEQ.UK,D,20220613,000000,44.64,44.64,43.685,43.685,82,0
SPEQ.UK,D,20220614,000000,43.725,43.725,43.3,43.3,49,0
SPEQ.UK,D,20220615,000000,43.4775,43.4775,43.4775,43.4775,0,0
SPEQ.UK,D,20220616,000000,42.37,42.37,42.2225,42.2225,46,0
SPEQ.UK,D,20220617,000000,41.76,42.15,41.76,42.15,711,0
SPEQ.UK,D,20220620,000000,42.5525,42.5525,42.5525,42.5525,0,0
SPEQ.UK,D,20220621,000000,42.955,43.08,42.755,42.925,4705,0
SPEQ.UK,D,20220622,000000,42.39,43.035,42.345,43.015,4715,0
SPEQ.UK,D,20220623,000000,43.03,43.1425,43.03,43.1425,66,0
SPEQ.UK,D,20220624,000000,44.3775,44.3775,44.3775,44.3775,0,0
SPEQ.UK,D,20220627,000000,44.9,44.9,44.83,44.83,626,0
SPEQ.UK,D,20220628,000000,44.86,44.98,44.4925,44.4925,975,0
SPEQ.UK,D,20220629,000000,44,44.02,43.5725,43.5725,1801,0
SPEQ.UK,D,20220630,000000,43.4125,43.4125,43.4125,43.4125,0,0
SPEQ.UK,D,20220701,000000,43.265,43.3625,43.265,43.3625,11,0
SPEQ.UK,D,20220704,000000,43.76,43.76,43.76,43.76,0,0
SPEQ.UK,D,20220705,000000,43.535,43.535,42.91,42.91,2,0
SPEQ.UK,D,20220706,000000,43.53,43.53,43.53,43.53,0,0
SPEQ.UK,D,20220707,000000,44.3175,44.3175,44.3175,44.3175,0,0
SPEQ.UK,D,20220708,000000,44.465,44.53,44.445,44.53,31,0
SPEQ.UK,D,20220711,000000,44.09,44.09,43.9775,43.9775,13,0
SPEQ.UK,D,20220712,000000,44.13,44.13,44.13,44.13,0,0
SPEQ.UK,D,20220713,000000,43.36,43.36,43.36,43.36,0,0
SPEQ.UK,D,20220714,000000,42.7075,42.7075,42.7075,42.7075,0,0
SPEQ.UK,D,20220715,000000,43.825,43.825,43.825,43.825,0,0
SPEQ.UK,D,20220718,000000,44.255,44.255,44.255,44.255,0,0
SPEQ.UK,D,20220719,000000,44.285,44.7,44.285,44.7,637,0
SPEQ.UK,D,20220720,000000,45.2825,45.2825,45.2825,45.2825,0,0
SPEQ.UK,D,20220721,000000,45.1875,45.1875,45.1875,45.1875,0,0
SPEQ.UK,D,20220722,000000,45.5475,45.5475,45.5475,45.5475,0,0
SPEQ.UK,D,20220725,000000,45.425,45.4425,45.425,45.4425,186,0
SPEQ.UK,D,20220726,000000,45.455,45.455,45.125,45.125,925,0
SPEQ.UK,D,20220727,000000,45.4275,45.4275,45.4275,45.4275,0,0
SPEQ.UK,D,20220728,000000,46.35,46.35,46.35,46.35,0,0
SPEQ.UK,D,20220729,000000,46.94,46.94,46.76,46.76,1,0
SPEQ.UK,D,20220801,000000,47.14,47.2,46.99,47.1375,360,0
SPEQ.UK,D,20220802,000000,46.655,46.985,46.63,46.985,1231,0
SPEQ.UK,D,20220803,000000,46.9775,46.9775,46.9775,46.9775,0,0
SPEQ.UK,D,20220804,000000,47.22,47.22,47.12,47.12,145,0
SPEQ.UK,D,20220805,000000,47.065,47.22,46.755,46.755,2,0
SPEQ.UK,D,20220808,000000,47.045,47.58,47.045,47.58,35,0
SPEQ.UK,D,20220809,000000,47.28,47.28,46.855,47.0625,8871,0
SPEQ.UK,D,20220810,000000,47.22,48.005,47.19,48.005,750,0
SPEQ.UK,D,20220811,000000,48.3,48.52,48.3,48.4975,2122,0
SPEQ.UK,D,20220812,000000,48.5,48.615,48.5,48.615,27,0
SPEQ.UK,D,20220815,000000,48.825,48.825,48.825,48.825,0,0
SPEQ.UK,D,20220816,000000,49.145,49.1725,49.145,49.1725,600,0
SPEQ.UK,D,20220817,000000,48.83,48.83,48.6725,48.6725,3167,0
SPEQ.UK,D,20220818,000000,48.765,48.8425,48.765,48.8425,1000,0
SPEQ.UK,D,20220819,000000,48.43,48.43,48.235,48.235,1,0
SPEQ.UK,D,20220822,000000,47.505,47.505,47.505,47.505,0,0
SPEQ.UK,D,20220823,000000,47.27,47.27,47.25,47.265,102,0
SPEQ.UK,D,20220824,000000,47.48,47.48,47.48,47.48,0,0
SPEQ.UK,D,20220825,000000,47.27,47.71,47.25,47.71,102,0
SPEQ.UK,D,20220826,000000,47.155,47.155,47.155,47.155,0,0
SPEQ.UK,D,20220830,000000,46.5,46.5,45.935,45.935,2186,0
SPEQ.UK,D,20220831,000000,45.72,46.5,45.715,45.715,10,0
SPEQ.UK,D,20220901,000000,44.95,44.95,44.95,44.95,0,0
SPEQ.UK,D,20220902,000000,46.145,46.17,46.075,46.075,152,0
SPEQ.UK,D,20220905,000000,45.26,45.26,45.12,45.2425,33,0
SPEQ.UK,D,20220906,000000,44.82,45.14,44.815,45.14,692,0
SPEQ.UK,D,20220907,000000,45.5075,45.5075,45.5075,45.5075,0,0
SPEQ.UK,D,20220908,000000,45.935,46.265,45.935,46.265,208,0
SPEQ.UK,D,20220909,000000,46.9,46.95,46.9,46.95,424,0
SPEQ.UK,D,20220912,000000,47.285,47.53,47.285,47.53,101,0
SPEQ.UK,D,20220913,000000,47.80501,47.80501,46.215,46.215,10,0
SPEQ.UK,D,20220914,000000,45.75,45.775,45.485,45.57,472,0
SPEQ.UK,D,20220915,000000,45.49,45.6675,45.49,45.6675,959,0
SPEQ.UK,D,20220916,000000,44.885,44.885,44.585,44.585,39,0
SPEQ.UK,D,20220920,000000,44.5,44.5,44.48,44.48,7,0
SPEQ.UK,D,20220921,000000,44.35001,44.7225,44.35001,44.7225,5,0
SPEQ.UK,D,20220922,000000,43.4749,44.5,43.1625,43.1625,76,0
SPEQ.UK,D,20220923,000000,42.875,42.875,42.235,42.235,404,0
SPEQ.UK,D,20220926,000000,42.22,42.37,41.975,41.975,833,0
SPEQ.UK,D,20220927,000000,42.065,42.065,41.815,41.815,755,0
SPEQ.UK,D,20220928,000000,41.415,42.155,41.415,42.155,306,0
SPEQ.UK,D,20220929,000000,42.445,42.45,41.7575,41.7575,1175,0
SPEQ.UK,D,20220930,000000,42.05501,42.45,42.05501,42.0775,2,0
SPEQ.UK,D,20221003,000000,41.27,42.295,41.27,42.295,183,0
SPEQ.UK,D,20221004,000000,43.135,43.7625,43.135,43.7625,1232,0
SPEQ.UK,D,20221005,000000,43.325,43.325,43.325,43.325,0,0
SPEQ.UK,D,20221006,000000,43.815,43.815,43.135,43.5825,3,0
SPEQ.UK,D,20221007,000000,42.51,42.51,42.4825,42.4825,213,0
SPEQ.UK,D,20221010,000000,41.9756,42.51,41.9756,42.0075,260,0
SPEQ.UK,D,20221011,000000,41.5,41.88,41.5,41.88,5,0
SPEQ.UK,D,20221012,000000,41.7475,41.7475,41.7475,41.7475,0,0
SPEQ.UK,D,20221013,000000,41.655,41.9375,40.9,41.9375,575,0
SPEQ.UK,D,20221014,000000,42.605,42.605,42.035,42.035,15,0
SPEQ.UK,D,20221017,000000,42.24,42.515,42.24,42.515,38,0
SPEQ.UK,D,20221018,000000,43.4,43.4,42.82,42.82,435,0
SPEQ.UK,D,20221019,000000,42.7925,42.7925,42.7925,42.7925,0,0
SPEQ.UK,D,20221020,000000,42.7275,42.7275,42.7275,42.7275,0,0
SPEQ.UK,D,20221021,000000,42.38,42.38,42.38,42.38,0,0
SPEQ.UK,D,20221024,000000,42.92,43.39,42.92,43.39,475,0
SPEQ.UK,D,20221025,000000,43.42,44.19,42.92,44.19,4,0
SPEQ.UK,D,20221026,000000,44.465,45.0025,44.445,45.0025,500,0
SPEQ.UK,D,20221027,000000,44.65,45.09,44.645,44.9025,1310,0
SPEQ.UK,D,20221028,000000,44.485,45.09,44.485,45.0025,5,0
SPEQ.UK,D,20221031,000000,45.595,45.595,45.3475,45.3475,234,0
SPEQ.UK,D,20221101,000000,45.77,45.77,45.3525,45.3525,1,0
SPEQ.UK,D,20221102,000000,45.4708,45.595,45.08,45.08,495,0
SPEQ.UK,D,20221103,000000,44.435,44.435,44.005,44.265,393,0
SPEQ.UK,D,20221104,000000,44.41,44.41,44.305,44.305,118,0
SPEQ.UK,D,20221107,000000,44.975,44.975,44.79,44.83,160,0
SPEQ.UK,D,20221108,000000,45.1,45.7125,45.1,45.7125,268,0
SPEQ.UK,D,20221109,000000,45.1675,45.1675,45.1675,45.1675,0,0
SPEQ.UK,D,20221110,000000,44.855,46.6,44.855,46.6,724,0
SPEQ.UK,D,20221111,000000,47.045,47.07,47.04,47.07,110,0
SPEQ.UK,D,20221114,000000,47.265,47.415,47.255,47.255,180,0
SPEQ.UK,D,20221115,000000,47.4175,47.4175,47.4175,47.4175,0,0
SPEQ.UK,D,20221116,000000,47,47,46.9875,46.9875,15,0
SPEQ.UK,D,20221117,000000,46.78,46.785,46.0925,46.0925,150,0
SPEQ.UK,D,20221118,000000,46.7925,46.7925,46.7925,46.7925,0,0
SPEQ.UK,D,20221121,000000,46.59,46.72,46.59,46.72,1570,0
SPEQ.UK,D,20221122,000000,47.15,47.1875,47.15,47.1875,125,0
SPEQ.UK,D,20221123,000000,47.5,47.6525,47.5,47.6525,501,0
SPEQ.UK,D,20221124,000000,47.77,47.77,47.695,47.7525,86,0
SPEQ.UK,D,20221125,000000,47.685,47.78,47.685,47.78,1,0
SPEQ.UK,D,20221128,000000,47.2975,47.2975,47.2975,47.2975,0,0
SPEQ.UK,D,20221129,000000,47.0469,47.77,46.9175,46.9175,630,0
SPEQ.UK,D,20221130,000000,47.105,47.105,47.105,47.105,1065,0
SPEQ.UK,D,20221201,000000,48.28,48.58,48.06,48.27,4514,0
SPEQ.UK,D,20221202,000000,48.3,48.3,48.085,48.085,10,0
SPEQ.UK,D,20221205,000000,48.1,48.1,47.6925,47.6925,453,0
SPEQ.UK,D,20221206,000000,47.31,47.31,46.935,46.935,553,0
SPEQ.UK,D,20221207,000000,46.85,46.85,46.85,46.85,0,0
SPEQ.UK,D,20221208,000000,46.96,47.25,46.96,47.085,29,0
SPEQ.UK,D,20221209,000000,47.175,47.18,47.1225,47.1225,2612,0
SPEQ.UK,D,20221212,000000,46.985,46.985,46.985,46.985,0,0
SPEQ.UK,D,20221213,000000,48.905,48.905,47.175,47.93,2,0
SPEQ.UK,D,20221214,000000,48.035,48.035,48.035,48.035,0,0
SPEQ.UK,D,20221215,000000,47.13,47.13,46.3575,46.3575,6,0
SPEQ.UK,D,20221216,000000,45.85,45.85,45.7275,45.7275,170,0
SPEQ.UK,D,20221219,000000,46.05,46.05,45.7475,45.7475,2109,0
SPEQ.UK,D,20221220,000000,45.39,45.39,45.39,45.39,0,0
SPEQ.UK,D,20221221,000000,46.22,46.22,46.22,46.22,0,0
SPEQ.UK,D,20221222,000000,46.04,46.04,45.4075,45.4075,2624,0
SPEQ.UK,D,20221223,000000,45.795,45.8075,45.795,45.8075,900,0
SPEQ.UK,D,20221228,000000,46.33,46.33,45.7075,45.7075,412,0
SPEQ.UK,D,20221229,000000,45.6,46.0375,45.6,46.0375,4655,0
SPEQ.UK,D,20221230,000000,45.9575,45.9575,45.9575,45.9575,0,0
SPEQ.UK,D,20230103,000000,46.52,46.52,45.6,45.84,2,0
SPEQ.UK,D,20230104,000000,46.545,46.565,46.545,46.565,450,0
SPEQ.UK,D,20230105,000000,46.61,46.61,46.095,46.095,1256,0
SPEQ.UK,D,20230106,000000,46.245,47.005,46.245,47.005,6,0
SPEQ.UK,D,20230109,000000,47.335,47.91,47.335,47.86,6334,0
SPEQ.UK,D,20230110,000000,47.2,47.2775,47.2,47.2775,700,0
SPEQ.UK,D,20230111,000000,47.9175,47.9175,47.9175,47.9175,0,0
SPEQ.UK,D,20230112,000000,48.48,48.48,47.2,48.215,8,0
SPEQ.UK,D,20230113,000000,48.365,48.365,48.025,48.2625,227,0
SPEQ.UK,D,20230116,000000,48.315,48.485,48.315,48.485,500,0
SPEQ.UK,D,20230117,000000,48.44,48.44,48.44,48.44,0,0
SPEQ.UK,D,20230118,000000,48.075,48.1625,48.075,48.1625,812,0
SPEQ.UK,D,20230119,000000,47.45,47.52,47.0475,47.0475,461,0
SPEQ.UK,D,20230120,000000,47.16,47.595,47.16,47.595,60,0
SPEQ.UK,D,20230123,000000,47.985,48.5275,47.92,48.5275,868,0
SPEQ.UK,D,20230124,000000,48.625,48.625,48.56,48.5725,910,0
SPEQ.UK,D,20230125,000000,48.0925,48.0925,48.0925,48.0925,0,0
SPEQ.UK,D,20230126,000000,48.685,48.835,48.6025,48.6025,190,0
SPEQ.UK,D,20230127,000000,49.155,49.155,48.9475,48.9475,64,0
SPEQ.UK,D,20230130,000000,48.76,49.015,48.73,48.925,3826,0
SPEQ.UK,D,20230131,000000,48.5,48.8975,48.465,48.8975,1050,0
SPEQ.UK,D,20230201,000000,49.31,49.31,48.465,49.2275,3,0
SPEQ.UK,D,20230202,000000,50,50.535,50,50.535,1510,0
SPEQ.UK,D,20230203,000000,50.42,50.42,50.05,50.165,408,0
SPEQ.UK,D,20230206,000000,49.66,50.42,49.5925,49.5925,11,0
SPEQ.UK,D,20230207,000000,49.305,49.375,49.255,49.3425,602,0
SPEQ.UK,D,20230208,000000,49.455,49.455,49.455,49.455,0,0
SPEQ.UK,D,20230209,000000,49.7,49.7,49.5175,49.5175,56,0
SPEQ.UK,D,20230210,000000,48.66,48.9875,48.66,48.9875,72,0
SPEQ.UK,D,20230213,000000,49.47,49.47,49.47,49.47,0,0
SPEQ.UK,D,20230214,000000,49.67,49.67,48.66,49.305,2,0
SPEQ.UK,D,20230215,000000,49.57,49.57,49.57,49.57,0,0
SPEQ.UK,D,20230216,000000,49.33,49.5025,49.33,49.5025,1616,0
SPEQ.UK,D,20230217,000000,48.95,48.95,48.835,48.835,1255,0
SPEQ.UK,D,20230220,000000,48.9475,48.9475,48.9475,48.9475,0,0
SPEQ.UK,D,20230221,000000,48.9,48.9,48.2825,48.2825,655,0
SPEQ.UK,D,20230222,000000,48.19,48.19,48.1,48.1,9,0
SPEQ.UK,D,20230223,000000,48,48,47.9175,47.9175,25,0
SPEQ.UK,D,20230224,000000,48,48,47.5,47.6625,27,0
SPEQ.UK,D,20230227,000000,48.19,48.19,48.0475,48.0475,100,0
SPEQ.UK,D,20230228,000000,47.835,47.985,47.835,47.985,401,0
SPEQ.UK,D,20230301,000000,47.985,47.985,47.5325,47.5325,886,0
SPEQ.UK,D,20230302,000000,47.5025,47.5025,47.5025,47.5025,0,0
SPEQ.UK,D,20230303,000000,48.16501,48.3375,47.72,48.3375,403,0
SPEQ.UK,D,20230306,000000,48.805,48.805,48.805,48.805,11500,0
SPEQ.UK,D,20230307,000000,48.58,48.585,47.89,47.89,301,0
SPEQ.UK,D,20230308,000000,47.735,48.585,47.735,47.735,2,0
SPEQ.UK,D,20230309,000000,47.745,47.745,47.595,47.595,1658,0
SPEQ.UK,D,20230310,000000,46.415,46.5975,46.23,46.5975,1757,0
SPEQ.UK,D,20230313,000000,45.795,45.795,44.9,45.49,36,0
SPEQ.UK,D,20230314,000000,45.58,45.9725,44.9,45.9725,6,0
SPEQ.UK,D,20230315,000000,44.9,44.925,44.675,44.675,4260,0
SPEQ.UK,D,20230316,000000,45.67,45.67,44.6,45.435,728,0
SPEQ.UK,D,20230317,000000,45.345,45.46,44.9,45.125,2184,0
SPEQ.UK,D,20230320,000000,44.5,45.3325,44.5,45.3325,800,0
SPEQ.UK,D,20230321,000000,45.935,46.005,45.9125,45.9125,1774,0
SPEQ.UK,D,20230322,000000,45.8625,45.8625,45.8625,45.8625,0,0
SPEQ.UK,D,20230323,000000,45.17,45.665,45.1,45.475,5051,0
SPEQ.UK,D,20230324,000000,44.55,44.9,44.53,44.8675,4948,0
SPEQ.UK,D,20230327,000000,45.7,45.7,45.5,45.5,1470,0
SPEQ.UK,D,20230328,000000,45.455,45.725,45.455,45.725,105,0
SPEQ.UK,D,20230329,000000,46.13,46.14,46.13,46.14,1453,0
SPEQ.UK,D,20230330,000000,46.56,46.63,46.56,46.585,265,0
SPEQ.UK,D,20230331,000000,46.775,47.02,46.62,47.02,3340,0
SPEQ.UK,D,20230403,000000,47.02,47.54,47.02,47.095,3723,0
SPEQ.UK,D,20230404,000000,47.32,47.32,46.8125,46.8125,27054,0
SPEQ.UK,D,20230405,000000,47,47,46.6,46.6,2605,0
SPEQ.UK,D,20230406,000000,46.695,46.695,46.5,46.5925,5488,0
SPEQ.UK,D,20230411,000000,47.305,47.305,47.305,47.305,0,0
SPEQ.UK,D,20230412,000000,47.515,47.515,47.3225,47.3225,5,0
SPEQ.UK,D,20230413,000000,47.145,47.265,46.975,47.1925,7618,0
SPEQ.UK,D,20230414,000000,47.425,47.425,47.24,47.24,127,0
SPEQ.UK,D,20230417,000000,47.3675,47.3675,47.3675,47.3675,0,0
SPEQ.UK,D,20230418,000000,47.685,47.685,47.4475,47.4475,30,0
SPEQ.UK,D,20230419,000000,47.55501,47.685,47.4425,47.4425,4,0
SPEQ.UK,D,20230420,000000,47.345,47.4,47.345,47.4,16,0
SPEQ.UK,D,20230421,000000,47.2512,47.345,47.2125,47.2125,69,0
SPEQ.UK,D,20230424,000000,47.285,47.325,47.255,47.2975,1490,0
SPEQ.UK,D,20230425,000000,47.23,47.26,47.0275,47.0275,9505,0
SPEQ.UK,D,20230426,000000,46.74,46.74,46.4,46.5025,291,0
SPEQ.UK,D,20230427,000000,46.355,46.425,46.355,46.415,148,0
SPEQ.UK,D,20230428,000000,46.63,47.2575,46.63,47.2575,400,0
SPEQ.UK,D,20230502,000000,47.345,47.345,46.3825,46.3825,395,0
SPEQ.UK,D,20230503,000000,46.855,46.88,46.725,46.725,1196,0
SPEQ.UK,D,20230504,000000,46.2,46.2,46.0025,46.0025,13,0
SPEQ.UK,D,20230505,000000,46.52,46.575,46.52,46.575,158,0
SPEQ.UK,D,20230509,000000,46.435,46.545,46.4125,46.4125,2516,0
SPEQ.UK,D,20230510,000000,46.57,46.57,46.39,46.39,120,0
SPEQ.UK,D,20230511,000000,46.1025,46.1025,46.1025,46.1025,0,0
SPEQ.UK,D,20230512,000000,46.07,46.07,46.07,46.07,0,0
SPEQ.UK,D,20230515,000000,46.49001,46.57,46.3575,46.3575,1,0
SPEQ.UK,D,20230516,000000,46.38,46.38,46.08,46.08,1340,0
SPEQ.UK,D,20230517,000000,46,46.145,46,46.145,2400,0
SPEQ.UK,D,20230518,000000,46.615,46.62,46.56,46.5925,6768,0
SPEQ.UK,D,20230519,000000,46.6625,46.6625,46.6625,46.6625,0,0
SPEQ.UK,D,20230522,000000,46.76,46.805,46.565,46.7725,136,0
SPEQ.UK,D,20230523,000000,46.705,46.7175,46.59,46.7175,202,0
SPEQ.UK,D,20230524,000000,45.68,45.8275,45.68,45.8275,400,0
SPEQ.UK,D,20230525,000000,45.5125,45.5125,45.5125,45.5125,0,0
SPEQ.UK,D,20230526,000000,45.655,45.885,45.655,45.885,500,0
SPEQ.UK,D,20230530,000000,45.9525,45.9525,45.9525,45.9525,0,0
SPEQ.UK,D,20230531,000000,45.725,45.725,45.3175,45.3175,630,0
SPEQ.UK,D,20230601,000000,45.75,45.965,45.65,45.965,5305,0
SPEQ.UK,D,20230602,000000,46.17,46.8575,46.17,46.8575,12815,0
SPEQ.UK,D,20230605,000000,47.03,47.035,46.8,46.8875,5013,0
SPEQ.UK,D,20230606,000000,46.9,47.2,46.84,47.0975,5018,0
SPEQ.UK,D,20230607,000000,47.165,47.3725,47.065,47.3725,13230,0
SPEQ.UK,D,20230608,000000,47.445,47.445,47.345,47.345,11571,0
SPEQ.UK,D,20230609,000000,47.425,47.47,47.385,47.385,3000,0
SPEQ.UK,D,20230612,000000,47.455,47.5275,47.425,47.5275,420,0
SPEQ.UK,D,20230613,000000,47.76,48.25,47.76,48.2025,18210,0
SPEQ.UK,D,20230614,000000,48.295,48.4625,48.295,48.4625,2749,0
SPEQ.UK,D,20230615,000000,48.135,48.44,48.105,48.44,18233,0
SPEQ.UK,D,20230616,000000,48.705,48.91,48.705,48.73,7525,0
SPEQ.UK,D,20230619,000000,48.555,48.625,48.525,48.525,3351,0
SPEQ.UK,D,20230620,000000,48.605,48.625,48.02,48.02,2385,0
SPEQ.UK,D,20230621,000000,48.325,48.325,48.1,48.1925,25644,0
SPEQ.UK,D,20230622,000000,47.94,48.05,47.8025,47.8025,1730,0
SPEQ.UK,D,20230623,000000,47.785,47.785,47.635,47.65,2175,0
SPEQ.UK,D,20230626,000000,47.66,47.695,47.66,47.695,1300,0
SPEQ.UK,D,20230627,000000,48.165,48.165,48.145,48.145,11,0
SPEQ.UK,D,20230628,000000,48.54,48.54,48.245,48.245,1456,0
SPEQ.UK,D,20230629,000000,48.395,48.4925,48.395,48.4925,28,0
SPEQ.UK,D,20230630,000000,49.12,49.12,48.99,48.99,450,0
SPEQ.UK,D,20230703,000000,49.235,49.2375,49.155,49.2375,7714,0
SPEQ.UK,D,20230704,000000,49.28,49.32,49.2625,49.2625,315,0
SPEQ.UK,D,20230705,000000,49.05,49.17,48.835,49.17,982,0
SPEQ.UK,D,20230706,000000,48.87,48.87,48.295,48.295,1026,0
SPEQ.UK,D,20230707,000000,48.8425,48.8425,48.8425,48.8425,0,0
SPEQ.UK,D,20230710,000000,49.08,49.08,49.0425,49.0425,10810,0
SPEQ.UK,D,20230711,000000,49.4725,49.4725,49.4725,49.4725,0,0
SPEQ.UK,D,20230712,000000,50.2113,50.2113,49.08,50.085,2738,0
SPEQ.UK,D,20230713,000000,50.11,50.13,50.11,50.13,1290,0
SPEQ.UK,D,20230714,000000,50.25,50.26,49.8825,49.8825,11726,0
SPEQ.UK,D,20230717,000000,49.77,49.9825,49.77,49.9825,30018,0
SPEQ.UK,D,20230718,000000,50.03,50.355,49.945,50.355,1314,0
SPEQ.UK,D,20230719,000000,50.23,50.6,50.23,50.41,340,0
SPEQ.UK,D,20230720,000000,50.65,50.74,50.435,50.435,154,0
SPEQ.UK,D,20230721,000000,50.75,50.76,50.65,50.65,775,0
SPEQ.UK,D,20230724,000000,50.7,50.765,50.61,50.765,3243,0
SPEQ.UK,D,20230725,000000,50.76,50.88,50.74,50.88,10262,0
SPEQ.UK,D,20230726,000000,51.03,51.03,50.765,50.765,2055,0
SPEQ.UK,D,20230727,000000,51.05,51.23,50.86,50.86,2181,0
SPEQ.UK,D,20230728,000000,50.54,50.74,50.54,50.7,2168,0
SPEQ.UK,D,20230731,000000,50.81,50.81,50.67,50.67,934,0
SPEQ.UK,D,20230801,000000,50.86,50.86,50.495,50.495,50,0
SPEQ.UK,D,20230802,000000,50.35,50.35,50.14,50.14,203,0
SPEQ.UK,D,20230803,000000,49.8475,49.8475,49.8475,49.8475,0,0
SPEQ.UK,D,20230804,000000,49.98,50.095,49.98,50.095,12034,0
SPEQ.UK,D,20230807,000000,49.985,50.09,49.985,50.01,12763,0
SPEQ.UK,D,20230808,000000,49.995,49.995,49.41,49.455,40665,0
SPEQ.UK,D,20230809,000000,50.05,50.05,49.7825,49.7825,9,0
SPEQ.UK,D,20230810,000000,49.965,50.005,49.965,50.005,5500,0
SPEQ.UK,D,20230811,000000,49.625,49.965,49.58,49.58,12739,0
SPEQ.UK,D,20230814,000000,49.69,49.69,49.6,49.6,31209,0
SPEQ.UK,D,20230815,000000,49.155,49.1625,49.015,49.1625,793,0
SPEQ.UK,D,20230816,000000,49.12,49.125,49.055,49.075,12261,0
SPEQ.UK,D,20230817,000000,48.6725,48.6725,48.6725,48.6725,0,0
SPEQ.UK,D,20230818,000000,48.3,48.3,48.3,48.3,0,0
SPEQ.UK,D,20230821,000000,48.36,49.125,48.07,48.07,454,0
SPEQ.UK,D,20230822,000000,48.25,48.48,48.175,48.2225,738,0
SPEQ.UK,D,20230823,000000,48.41,48.41,48.3875,48.3875,13,0
SPEQ.UK,D,20230824,000000,48.38,48.4075,48.38,48.4075,202,0
SPEQ.UK,D,20230825,000000,48.21,48.37,48.02,48.24,17595,0
SPEQ.UK,D,20230829,000000,48.785,48.9425,48.73,48.9425,34042,0
SPEQ.UK,D,20230830,000000,49.15,49.425,49.15,49.295,18323,0
SPEQ.UK,D,20230831,000000,49.56,49.56,49.455,49.475,2004,0
SPEQ.UK,D,20230901,000000,49.455,49.69,49.395,49.395,3167,0
SPEQ.UK,D,20230904,000000,49.53,49.53,49.2175,49.2175,1716,0
SPEQ.UK,D,20230905,000000,49.015,49.0275,49.015,49.0275,1317,0
SPEQ.UK,D,20230906,000000,48.765,48.765,48.6525,48.6525,40,0
SPEQ.UK,D,20230907,000000,48.63499,48.765,48.38,48.38,1179,0
SPEQ.UK,D,20230908,000000,48.455,48.455,48.455,48.455,0,0
SPEQ.UK,D,20230911,000000,48.68,48.68,48.4825,48.4825,378,0
SPEQ.UK,D,20230912,000000,48.555,48.68,48.4125,48.4125,10260,0
SPEQ.UK,D,20230913,000000,48.415,48.44,48.3925,48.3925,8000,0
SPEQ.UK,D,20230914,000000,48.395,48.605,48.395,48.605,2732,0
SPEQ.UK,D,20230915,000000,48.61,48.61,48.5475,48.5475,11142,0
SPEQ.UK,D,20230918,000000,48.315,48.315,48.315,48.315,631,0
SPEQ.UK,D,20230919,000000,48.29,48.29,48.1025,48.1025,644,0
SPEQ.UK,D,20230920,000000,48.345,48.555,48.345,48.5025,72,0
SPEQ.UK,D,20230921,000000,48.105,48.105,47.46,47.46,231,0
SPEQ.UK,D,20230922,000000,47.315,47.315,47.22,47.3125,756,0
SPEQ.UK,D,20230925,000000,46.83,47.005,46.83,47.005,32,0
SPEQ.UK,D,20230926,000000,47,47,46.6975,46.6975,112,0
SPEQ.UK,D,20230927,000000,46.615,46.615,46.5425,46.5425,60,0
SPEQ.UK,D,20230928,000000,46.7975,46.7975,46.7975,46.7975,0,0
SPEQ.UK,D,20230929,000000,47.03,47.03,46.9325,46.9325,98,0
SPEQ.UK,D,20231002,000000,46.92,46.92,46.33,46.33,481,0
SPEQ.UK,D,20231003,000000,45.795,46.92,45.5925,45.5925,3,0
SPEQ.UK,D,20231004,000000,45.46,45.5475,45.22,45.5475,153,0
SPEQ.UK,D,20231005,000000,45.745,45.745,45.22,45.4875,2,0
SPEQ.UK,D,20231006,000000,45.755,45.7975,45.755,45.7975,34,0
SPEQ.UK,D,20231009,000000,46.07,46.07,46.07,46.07,0,0
SPEQ.UK,D,20231010,000000,46.975,46.975,46.975,46.975,0,0
SPEQ.UK,D,20231011,000000,45.86,46.6975,45.755,46.6975,100,0
SPEQ.UK,D,20231012,000000,46.6,46.6,46.5825,46.5825,105,0
SPEQ.UK,D,20231013,000000,46.47501,46.6,46.26,46.26,5,0
SPEQ.UK,D,20231016,000000,46.405,46.8075,46.405,46.8075,473,0
SPEQ.UK,D,20231017,000000,46.73,46.9725,46.73,46.9725,88,0
SPEQ.UK,D,20231018,000000,46.625,46.625,46.625,46.625,0,0
SPEQ.UK,D,20231019,000000,46.625,46.625,46.625,46.625,0,0
SPEQ.UK,D,20231020,000000,45.485,45.595,45.355,45.355,101,0
SPEQ.UK,D,20231023,000000,45.1675,45.1675,45.1675,45.1675,0,0
SPEQ.UK,D,20231024,000000,45.07,45.26,45.07,45.0925,5347,0
SPEQ.UK,D,20231025,000000,44.675,44.9675,44.675,44.9675,2902,0
SPEQ.UK,D,20231026,000000,44.57,44.8075,44.57,44.8075,50,0
SPEQ.UK,D,20231027,000000,45.005,45.005,44.4175,44.4175,6,0
SPEQ.UK,D,20231030,000000,44.38499,44.57,44.1125,44.1125,495,0
SPEQ.UK,D,20231031,000000,44.31,44.61,44.305,44.61,131,0
SPEQ.UK,D,20231101,000000,44.58,44.66,44.58,44.66,51,0
SPEQ.UK,D,20231102,000000,45.095,45.6,45.095,45.5675,133,0
SPEQ.UK,D,20231103,000000,46.62,46.735,46.62,46.735,50,0
SPEQ.UK,D,20231106,000000,46.51,46.51,46.3975,46.3975,514,0
SPEQ.UK,D,20231107,000000,46.3225,46.3225,46.3225,46.3225,0,0
SPEQ.UK,D,20231108,000000,46.1825,46.1825,46.1825,46.1825,0,0
SPEQ.UK,D,20231109,000000,46.3,46.3,46.225,46.225,2000,0
SPEQ.UK,D,20231110,000000,46.135,46.135,45.94,45.94,144,0
SPEQ.UK,D,20231113,000000,46.385,46.385,46.28,46.28,2622,0
SPEQ.UK,D,20231114,000000,46.83,47.69,46.83,47.69,521,0
SPEQ.UK,D,20231115,000000,47.67,48.075,47.67,48.01,3739,0
SPEQ.UK,D,20231116,000000,47.905,47.905,47.6,47.6,12,0
SPEQ.UK,D,20231117,000000,47.815,47.905,47.7525,47.7525,4200,0
SPEQ.UK,D,20231120,000000,47.84,47.965,47.84,47.965,11,0
SPEQ.UK,D,20231121,000000,48.095,48.095,47.9925,47.9925,2219,0
SPEQ.UK,D,20231122,000000,48.19,48.25,48.175,48.25,328,0
SPEQ.UK,D,20231123,000000,48.2875,48.2875,48.2875,48.2875,0,0
SPEQ.UK,D,20231124,000000,48.235,48.395,48.235,48.355,1724,0
SPEQ.UK,D,20231127,000000,48.325,48.35,48.295,48.295,488,0
SPEQ.UK,D,20231128,000000,48.405,48.405,48.35,48.35,800,0
SPEQ.UK,D,20231129,000000,48.78,48.78,48.4575,48.4575,3672,0
SPEQ.UK,D,20231130,000000,48.63,48.67,48.59,48.67,291,0
SPEQ.UK,D,20231201,000000,49.01,49.21,48.94,49.21,91020,0
SPEQ.UK,D,20231204,000000,49.51,49.51,49.435,49.435,7794,0
SPEQ.UK,D,20231205,000000,49.445,49.445,49.2725,49.2725,2456,0
SPEQ.UK,D,20231206,000000,49.48,49.6,49.3975,49.3975,2490,0
SPEQ.UK,D,20231207,000000,49.205,49.6,49.205,49.26,3150,0
SPEQ.UK,D,20231208,000000,49.395,49.395,49.3875,49.3875,16,0
SPEQ.UK,D,20231211,000000,49.7,49.965,49.7,49.965,509,0
SPEQ.UK,D,20231212,000000,49.97,49.97,49.97,49.97,822,0
SPEQ.UK,D,20231213,000000,50.11,50.26,50.1,50.25,6902,0
SPEQ.UK,D,20231214,000000,51.08,51.85,51.07,51.85,1672,0
SPEQ.UK,D,20231215,000000,51.99,52.11,51.49,51.615,4572,0
SPEQ.UK,D,20231218,000000,51.67,52.04,51.58,51.58,4464,0
SPEQ.UK,D,20231219,000000,51.58,51.89,51.37,51.89,710,0
SPEQ.UK,D,20231220,000000,52.04,52.04,51.79,51.915,165,0
SPEQ.UK,D,20231221,000000,51.48,51.56,51.48,51.56,581,0
SPEQ.UK,D,20231222,000000,51.85001,51.85001,51.48,51.735,4,0
SPEQ.UK,D,20231227,000000,52.43,52.44,52.115,52.115,5607,0
SPEQ.UK,D,20231228,000000,52.33,52.33,52.29,52.29,415,0
SPEQ.UK,D,20231229,000000,52.57001,52.57001,52.33,52.385,100,0
SPEQ.UK,D,20240102,000000,52.51,52.51,52.14,52.18,973,0
SPEQ.UK,D,20240103,000000,52.27,52.27,51.5,51.5,4565,0
SPEQ.UK,D,20240104,000000,51.56,51.59,51.45,51.59,8373,0
SPEQ.UK,D,20240105,000000,51.07,51.52,51.07,51.52,444,0
SPEQ.UK,D,20240108,000000,51.45,51.615,51.45,51.615,673,0
SPEQ.UK,D,20240109,000000,51.89,51.89,51.77,51.85,3679,0
SPEQ.UK,D,20240110,000000,51.63,51.66,51.56,51.56,1463,0
SPEQ.UK,D,20240111,000000,52.09,52.09,51.35,51.35,286,0
SPEQ.UK,D,20240112,000000,51.78,51.78,51.51,51.51,907,0
SPEQ.UK,D,20240115,000000,51.78,51.78,51.51,51.515,413,0
SPEQ.UK,D,20240116,000000,51.48,51.48,51.28,51.28,179,0
SPEQ.UK,D,20240117,000000,51.13,51.13,50.845,50.845,1694,0
SPEQ.UK,D,20240118,000000,50.86,50.86,50.74,50.74,56,0
SPEQ.UK,D,20240119,000000,51.29,51.29,51.04,51.14,2698,0
SPEQ.UK,D,20240122,000000,51.92,51.92,51.78,51.82,2300,0
SPEQ.UK,D,20240123,000000,51.98,51.98,51.52,51.52,2272,0
SPEQ.UK,D,20240124,000000,51.98,52.11,51.71,51.92,10038,0
SPEQ.UK,D,20240125,000000,51.71,51.8,51.71,51.72,1339,0
SPEQ.UK,D,20240126,000000,51.96,52.04,51.96,52.04,62,0
SPEQ.UK,D,20240129,000000,52.13,52.13,51.99,52.04,3131,0
SPEQ.UK,D,20240130,000000,52.22,52.295,52.19,52.295,7548,0
SPEQ.UK,D,20240131,000000,52.18,52.28,52.18,52.28,215,0
SPEQ.UK,D,20240201,000000,51.8,51.87,51.51,51.59,2210,0
SPEQ.UK,D,20240202,000000,52.31,52.46,51.8,52.11,1428,0
SPEQ.UK,D,20240205,000000,52.11,52.11,51.64,51.74,1390,0
SPEQ.UK,D,20240206,000000,51.8,52.11,51.64,52.045,425,0
SPEQ.UK,D,20240207,000000,52.32,52.32,52.255,52.255,11844,0
SPEQ.UK,D,20240208,000000,52.27,52.41,52.245,52.245,1310,0
SPEQ.UK,D,20240209,000000,52.33,52.33,52.295,52.295,415,0
SPEQ.UK,D,20240212,000000,52.77,52.88,52.77,52.88,101,0
SPEQ.UK,D,20240213,000000,52.78,52.78,51.99,51.99,672,0
SPEQ.UK,D,20240214,000000,52.22,52.29,52.22,52.255,763,0
SPEQ.UK,D,20240215,000000,52.91,52.91,52.845,52.845,250,0
SPEQ.UK,D,20240216,000000,53.14,53.14,52.84,53.09,2764,0
SPEQ.UK,D,20240219,000000,52.81,52.89,52.78,52.78,947,0
SPEQ.UK,D,20240220,000000,52.75,52.76,52.68,52.755,5767,0
SPEQ.UK,D,20240221,000000,52.65,52.71,52.57,52.635,1065,0
SPEQ.UK,D,20240222,000000,53.04,53.245,53.04,53.245,3029,0
SPEQ.UK,D,20240223,000000,53.55,53.55,53.515,53.515,27,0
SPEQ.UK,D,20240226,000000,53.53,53.53,53.42,53.435,1471,0
SPEQ.UK,D,20240227,000000,53.36,53.54,53.36,53.495,1386,0
SPEQ.UK,D,20240228,000000,53.36,53.57,53.36,53.55,2561,0
SPEQ.UK,D,20240229,000000,53.8,53.8,53.68,53.74,598,0
SPEQ.UK,D,20240301,000000,53.92,54,53.76,53.885,2011,0
SPEQ.UK,D,20240304,000000,54.08,54.22,54.08,54.22,4781,0
SPEQ.UK,D,20240305,000000,54.1,54.28,54.1,54.165,1477,0
SPEQ.UK,D,20240306,000000,54.08,54.42,54.08,54.42,4064,0
SPEQ.UK,D,20240307,000000,53.98,54.7,53.98,54.53,241,0
SPEQ.UK,D,20240308,000000,54.93,54.93,54.82,54.89,846,0
SPEQ.UK,D,20240311,000000,54.77,54.86,54.56,54.585,1649,0
SPEQ.UK,D,20240312,000000,54.9,54.9,54.55,54.765,272,0
SPEQ.UK,D,20240313,000000,55.07,55.07,55,55,1286,0
SPEQ.UK,D,20240314,000000,55.09,55.09,54.41,54.41,1394,0
SPEQ.UK,D,20240315,000000,54.55,54.55,54.24,54.26,6936,0
SPEQ.UK,D,20240318,000000,54.41,54.595,54.24,54.595,403,0
SPEQ.UK,D,20240319,000000,54.65,54.65,54.34,54.6,288,0
SPEQ.UK,D,20240320,000000,54.73,54.8,54.73,54.795,290,0
SPEQ.UK,D,20240321,000000,55.47,55.735,55.38,55.735,1700,0
SPEQ.UK,D,20240322,000000,55.66,55.66,55.305,55.305,1238,0
SPEQ.UK,D,20240325,000000,55.34,55.34,55.15,55.29,1702,0
SPEQ.UK,D,20240326,000000,55.34,55.34,55.255,55.255,1594,0
SPEQ.UK,D,20240327,000000,55.44,55.61,55.44,55.5,941,0
SPEQ.UK,D,20240328,000000,56.06,56.255,56.06,56.255,112,0
SPEQ.UK,D,20240402,000000,55.83,55.89,55.24,55.32,41104,0
SPEQ.UK,D,20240403,000000,55.3,55.575,55.3,55.575,5644,0
SPEQ.UK,D,20240404,000000,55.7,55.77,55.7,55.755,411,0
SPEQ.UK,D,20240405,000000,55,55.08,54.78,55.08,1645,0
SPEQ.UK,D,20240408,000000,55.12,55.47,55.12,55.31,102,0
SPEQ.UK,D,20240409,000000,55.32,55.32,55.07,55.285,619,0
SPEQ.UK,D,20240410,000000,55.71,55.71,54.78,54.82,207,0
SPEQ.UK,D,20240411,000000,54.54,54.73,54.33,54.33,1462,0
SPEQ.UK,D,20240412,000000,54.64,54.64,54.03,54.03,760,0
SPEQ.UK,D,20240415,000000,54.13,54.32,53.76,53.89,1908,0
SPEQ.UK,D,20240416,000000,53.14,53.14,52.82,53.025,1850,0
SPEQ.UK,D,20240417,000000,53.16,53.21,52.85,52.85,2041,0
SPEQ.UK,D,20240418,000000,52.97,53.075,52.83,53.075,939,0
SPEQ.UK,D,20240419,000000,52.65,53.19,52.65,53.04,2073,0
SPEQ.UK,D,20240422,000000,53.16,53.22,53.16,53.205,11442,0
SPEQ.UK,D,20240423,000000,53.49,53.89,53.48,53.86,16379,0
SPEQ.UK,D,20240424,000000,53.88,54.03,53.7,53.815,6952,0
SPEQ.UK,D,20240425,000000,53.65,53.65,53.55,53.57,3306,0
SPEQ.UK,D,20240426,000000,53.68,54.01,53.68,53.875,2012,0
SPEQ.UK,D,20240429,000000,53.93,54.28,53.92,54.2,2501,0
SPEQ.UK,D,20240430,000000,54.12,54.16,53.885,53.885,3471,0
SPEQ.UK,D,20240501,000000,53.33,53.33,53.31,53.31,44,0
SPEQ.UK,D,20240502,000000,53.16,53.46,53.16,53.425,1902,0
SPEQ.UK,D,20240503,000000,53.6,54.17,53.6,53.845,3182,0
SPEQ.UK,D,20240507,000000,54.3,54.69,54.3,54.69,958,0
SPEQ.UK,D,20240508,000000,54.4,54.56,54.4,54.56,465,0
SPEQ.UK,D,20240509,000000,54.71,54.87,54.71,54.815,879,0
SPEQ.UK,D,20240510,000000,55.22,55.25,55.04,55.04,625,0
SPEQ.UK,D,20240513,000000,55.06,55.28,55.06,55.205,1320,0
SPEQ.UK,D,20240514,000000,55.09,55.34,54.95,55.23,978,0
SPEQ.UK,D,20240515,000000,55.33,55.645,55.31,55.645,517,0
SPEQ.UK,D,20240516,000000,55.62,55.79,55.62,55.755,25,0
SPEQ.UK,D,20240517,000000,55.71,55.71,55.565,55.565,1730,0
SPEQ.UK,D,20240520,000000,55.8,55.8,55.65,55.79,4011,0
SPEQ.UK,D,20240521,000000,55.61,55.61,55.46,55.55,807,0
SPEQ.UK,D,20240522,000000,55.56,55.56,55.49,55.535,3331,0
SPEQ.UK,D,20240523,000000,55.62,55.66,54.98,55.04,3119,0
SPEQ.UK,D,20240524,000000,54.69,55.01,54.69,55.005,7179,0
SPEQ.UK,D,20240528,000000,55.19,55.19,54.8,54.85,15523,0
SPEQ.UK,D,20240529,000000,54.56,54.56,53.99,54.015,3737,0
SPEQ.UK,D,20240530,000000,53.89,54.23,53.83,54.195,33214,0
SPEQ.UK,D,20240531,000000,54.09,54.41,54.07,54.25,1944,0
SPEQ.UK,D,20240603,000000,54.99,55.04,54.605,54.605,4498,0
SPEQ.UK,D,20240604,000000,54.67,54.67,54.39,54.39,1235,0
SPEQ.UK,D,20240605,000000,54.41,54.7,54.41,54.645,2257,0
SPEQ.UK,D,20240606,000000,54.82,54.86,54.75,54.81,6531,0
SPEQ.UK,D,20240607,000000,54.53,54.66,54.53,54.66,617,0
SPEQ.UK,D,20240610,000000,54.25,54.52,54.25,54.445,2148,0
SPEQ.UK,D,20240611,000000,54.65,54.67,54.13,54.395,678,0
SPEQ.UK,D,20240612,000000,54.47,55.13,54.47,54.98,12812,0
SPEQ.UK,D,20240613,000000,54.7,54.7,54.41,54.425,4355,0
SPEQ.UK,D,20240614,000000,53.97,54.13,53.97,54.13,617,0
SPEQ.UK,D,20240617,000000,54.1,54.31,54.08,54.31,2981,0
SPEQ.UK,D,20240618,000000,54.72,54.72,54.58,54.69,9615,0
SPEQ.UK,D,20240619,000000,54.76,54.76,54.6,54.6,9224,0
SPEQ.UK,D,20240620,000000,54.88,54.92,54.75,54.78,7627,0
SPEQ.UK,D,20240621,000000,54.78,54.82,54.74,54.74,8214,0
SPEQ.UK,D,20240624,000000,55.05,55.34,54.96,55.31,2389,0
SPEQ.UK,D,20240625,000000,55.04,55.04,54.725,54.725,1818,0
SPEQ.UK,D,20240626,000000,54.63,54.63,54.39,54.425,2949,0
SPEQ.UK,D,20240627,000000,54.52,54.52,54.46,54.51,551,0
SPEQ.UK,D,20240628,000000,54.78,54.91,54.745,54.745,1133,0
SPEQ.UK,D,20240701,000000,54.79,54.87,54.28,54.28,1067,0
SPEQ.UK,D,20240702,000000,54.16,54.33,54,54.26,4680,0
SPEQ.UK,D,20240703,000000,54.5,54.59,54.48,54.5,7774,0
SPEQ.UK,D,20240704,000000,54.54,54.64,54.525,54.525,7382,0
SPEQ.UK,D,20240705,000000,54.51,54.61,54.225,54.225,485,0
SPEQ.UK,D,20240708,000000,54.48,54.73,54.37,54.495,3764,0
SPEQ.UK,D,20240709,000000,54.75,54.75,54.42,54.43,2519,0
SPEQ.UK,D,20240710,000000,54.47,54.655,54.44,54.655,7672,0
SPEQ.UK,D,20240711,000000,54.97,55.61,54.86,55.61,3754,0
SPEQ.UK,D,20240712,000000,55.82,56.21,55.81,56.195,2299,0
SPEQ.UK,D,20240715,000000,56.24,56.4,56.07,56.345,3907,0
SPEQ.UK,D,20240716,000000,56.15,56.835,56.12,56.835,17093,0
SPEQ.UK,D,20240717,000000,57.1,57.31,56.82,57.065,157726,0
SPEQ.UK,D,20240718,000000,57.04,57.39,56.83,57.085,97178,0
SPEQ.UK,D,20240719,000000,56.54,56.54,55.94,55.94,12111,0
SPEQ.UK,D,20240722,000000,56.09,56.29,55.83,56.24,6837,0
SPEQ.UK,D,20240723,000000,56.43,56.56,56.38,56.47,12807,0
SPEQ.UK,D,20240724,000000,56.2,56.31,55.88,55.955,13736,0
SPEQ.UK,D,20240725,000000,55.9,56.15,55.6,56.035,18129,0
SPEQ.UK,D,20240726,000000,55.98,56.33,55.98,56.29,816,0
SPEQ.UK,D,20240729,000000,56.74,56.84,56.44,56.475,8691,0
SPEQ.UK,D,20240730,000000,56.71,56.94,56.675,56.675,7249,0
SPEQ.UK,D,20240731,000000,57.22,57.38,56.94,57.31,40793,0
SPEQ.UK,D,20240801,000000,57.18,57.34,56.45,56.45,5499,0
SPEQ.UK,D,20240802,000000,56.3,56.3,54.985,54.985,19981,0
SPEQ.UK,D,20240805,000000,55.44,55.76,53.98,54.35,19343,0
SPEQ.UK,D,20240806,000000,54.51,55.01,54.39,54.86,19532,0
SPEQ.UK,D,20240807,000000,55.09,55.55,55.07,55.42,11826,0
SPEQ.UK,D,20240808,000000,54.33,55.17,54.12,55.17,18288,0
SPEQ.UK,D,20240809,000000,55.45,55.62,55.03,55.275,28134,0
SPEQ.UK,D,20240812,000000,55.57,55.57,55.12,55.23,36244,0
SPEQ.UK,D,20240813,000000,55.39,55.515,55.39,55.515,1354,0
SPEQ.UK,D,20240814,000000,55.9,55.94,55.76,55.925,17645,0
SPEQ.UK,D,20240815,000000,56.09,56.66,56.06,56.615,18394,0
SPEQ.UK,D,20240816,000000,56.86,56.87,56.59,56.715,5672,0
SPEQ.UK,D,20240819,000000,56.88,57.115,56.85,57.115,139346,0
SPEQ.UK,D,20240820,000000,57.29,57.36,56.97,56.99,6406,0
SPEQ.UK,D,20240821,000000,57.17,57.4,57.17,57.305,7248,0
SPEQ.UK,D,20240822,000000,57.5,57.67,57.13,57.33,36200,0
SPEQ.UK,D,20240823,000000,57.49,58.15,57.49,58.15,3426,0
SPEQ.UK,D,20240827,000000,58,58.08,57.8,57.875,12676,0
SPEQ.UK,D,20240828,000000,58.04,58.07,57.925,57.925,7013,0
SPEQ.UK,D,20240829,000000,58.03,58.24,57.84,58.205,1259,0
SPEQ.UK,D,20240830,000000,58.25,58.33,58.055,58.055,836,0
SPEQ.UK,D,20240902,000000,58.49,58.49,58.36,58.43,444,0
SPEQ.UK,D,20240903,000000,58.58,58.58,57.92,58.065,2983,0
SPEQ.UK,D,20240904,000000,57.64,57.98,57.6,57.775,20670,0
SPEQ.UK,D,20240905,000000,57.66,57.81,57.18,57.18,9125,0
SPEQ.UK,D,20240906,000000,57.38,57.42,56.8,56.8,2471,0
SPEQ.UK,D,20240909,000000,56.96,57.42,56.9,57.42,7905,0
SPEQ.UK,D,20240910,000000,57.26,57.43,56.88,57.21,3631,0
SPEQ.UK,D,20240911,000000,57.27,57.29,56.26,56.44,4246,0
SPEQ.UK,D,20240912,000000,57.47,57.53,57.03,57.325,4917,0
SPEQ.UK,D,20240913,000000,57.95,58.23,57.95,58.145,27270,0
SPEQ.UK,D,20240916,000000,58.45,58.68,58.335,58.335,17333,0
SPEQ.UK,D,20240917,000000,58.72,59.03,58.71,58.99,389360,0
SPEQ.UK,D,20240918,000000,58.8,58.83,58.68,58.705,372999,0
SPEQ.UK,D,20240919,000000,59.34,59.61,59.14,59.225,13633,0
SPEQ.UK,D,20240920,000000,59.27,59.27,58.71,58.825,2381,0
SPEQ.UK,D,20240923,000000,59.07,59.255,58.98,59.255,4332,0
SPEQ.UK,D,20240924,000000,59.5,59.53,59.41,59.45,3019,0
SPEQ.UK,D,20240925,000000,59.36,59.58,59.23,59.23,21268,0
SPEQ.UK,D,20240926,000000,59.39,59.51,59.2,59.2,13756,0
SPEQ.UK,D,20240927,000000,59.64,60.03,59.64,60.03,7501,0
SPEQ.UK,D,20240930,000000,59.8,59.8,59.6,59.645,1083,0
SPEQ.UK,D,20241001,000000,59.99,59.99,59.36,59.495,11107,0
SPEQ.UK,D,20241002,000000,59.31,59.51,59.26,59.48,690,0
SPEQ.UK,D,20241003,000000,59.47,59.47,59.03,59.085,4678,0
SPEQ.UK,D,20241004,000000,59.27,59.78,59.22,59.265,8981,0
SPEQ.UK,D,20241007,000000,59.77,59.77,59.14,59.14,14760,0
SPEQ.UK,D,20241008,000000,58.95,59.36,58.95,59.21,2828,0
SPEQ.UK,D,20241009,000000,59.15,59.585,59.14,59.585,46902,0
SPEQ.UK,D,20241010,000000,59.53,59.66,59.45,59.54,16502,0
SPEQ.UK,D,20241011,000000,59.43,60.03,59.43,60.025,2565,0
SPEQ.UK,D,20241014,000000,59.99,60.3,59.97,60.265,2831,0
SPEQ.UK,D,20241015,000000,60.76,60.86,60.46,60.665,40836,0
SPEQ.UK,D,20241016,000000,60.19,60.63,60.19,60.52,11459,0
SPEQ.UK,D,20241017,000000,60.73,60.84,60.56,60.56,21529,0
SPEQ.UK,D,20241018,000000,60.62,60.63,60.54,60.56,13130,0
SPEQ.UK,D,20241021,000000,60.52,60.83,60.1,60.125,12433,0
SPEQ.UK,D,20241022,000000,60.15,60.15,59.71,59.85,1433,0
SPEQ.UK,D,20241023,000000,59.91,59.93,59.635,59.635,3701,0
SPEQ.UK,D,20241024,000000,59.92,59.92,59.76,59.78,3975,0
SPEQ.UK,D,20241025,000000,60.02,60.09,59.755,59.755,8176,0
SPEQ.UK,D,20241028,000000,59.94,59.94,59.68,59.865,3244,0
SPEQ.UK,D,20241029,000000,59.84,59.85,59.66,59.7,10911,0
SPEQ.UK,D,20241030,000000,59.56,59.89,59.36,59.615,10952,0
SPEQ.UK,D,20241031,000000,59.38,59.49,59.06,59.17,2835,0
SPEQ.UK,D,20241101,000000,58.96,59.35,58.86,59.13,3811,0
SPEQ.UK,D,20241104,000000,58.86,59.25,58.86,59.15,7177,0
SPEQ.UK,D,20241105,000000,59.15,59.35,59,59.35,1142,0
SPEQ.UK,D,20241106,000000,61.1,61.3,60.71,60.775,19897,0
SPEQ.UK,D,20241107,000000,61.23,61.46,61.09,61.09,2735,0
SPEQ.UK,D,20241108,000000,61.21,61.53,61.1,61.445,22405,0
SPEQ.UK,D,20241111,000000,61.77,61.91,61.67,61.91,9733,0
SPEQ.UK,D,20241112,000000,61.76,61.78,61.375,61.375,22464,0
SPEQ.UK,D,20241113,000000,61.27,61.56,61.09,61.55,19380,0
SPEQ.UK,D,20241114,000000,61.61,61.61,61.16,61.225,14898,0
SPEQ.UK,D,20241115,000000,60.75,60.83,60.4,60.515,18514,0
SPEQ.UK,D,20241118,000000,60.56,60.665,60.29,60.665,8656,0
SPEQ.UK,D,20241119,000000,60.74,60.74,60,60.455,8491,0
SPEQ.UK,D,20241120,000000,60.6,60.74,60.25,60.25,19753,0
SPEQ.UK,D,20241121,000000,60.69,61.45,60.63,61.45,16987,0
SPEQ.UK,D,20241122,000000,61.69,61.9,61.59,61.9,10896,0
SPEQ.UK,D,20241125,000000,62.33,62.72,62.33,62.72,40295,0
SPEQ.UK,D,20241126,000000,62.48,62.61,62.22,62.37,44230,0
SPEQ.UK,D,20241127,000000,62.5,62.84,62.49,62.51,29651,0
SPEQ.UK,D,20241128,000000,62.48,62.575,62.42,62.575,35435,0
SPEQ.UK,D,20241129,000000,62.7,62.75,62.57,62.665,60471,0
SPEQ.UK,D,20241202,000000,62.62,62.68,62.34,62.37,4632,0
SPEQ.UK,D,20241203,000000,62.45,62.6,62.17,62.175,52455,0
SPEQ.UK,D,20241204,000000,62.06,62.24,62.05,62.14,22034,0
SPEQ.UK,D,20241205,000000,62.32,62.32,61.99,62.03,5441,0
SPEQ.UK,D,20241206,000000,61.93,62.15,61.8,62.15,6755,0
SPEQ.UK,D,20241209,000000,61.73,62.05,61.64,61.715,17471,0
SPEQ.UK,D,20241210,000000,61.69,61.69,61.03,61.46,4150,0
SPEQ.UK,D,20241211,000000,61.18,61.45,61.11,61.265,15344,0
SPEQ.UK,D,20241212,000000,61.08,61.29,61.08,61.28,46260,0
SPEQ.UK,D,20241213,000000,61.23,61.23,60.68,60.88,16507,0
SPEQ.UK,D,20241216,000000,61.03,61.03,60.71,60.845,67984,0
SPEQ.UK,D,20241217,000000,60.48,60.48,60.16,60.16,15470,0
SPEQ.UK,D,20241218,000000,60.16,60.24,60.1,60.13,34340,0
SPEQ.UK,D,20241219,000000,58.45,58.79,58.21,58.395,20594,0
SPEQ.UK,D,20241220,000000,58.23,58.975,57.95,58.975,663222,0
SPEQ.UK,D,20241223,000000,59.29,59.29,58.64,58.87,389897,0
SPEQ.UK,D,20241224,000000,59.28,59.28,58.95,59.065,3381,0
SPEQ.UK,D,20241227,000000,59.32,59.49,59.1,59.2,8168,0
SPEQ.UK,D,20241230,000000,58.89,59.17,58.18,58.5,15999,0
SPEQ.UK,D,20241231,000000,58.69,58.86,58.56,58.79,3548,0
SPEQ.UK,D,20250102,000000,58.97,59.11,58.845,58.845,16154,0
SPEQ.UK,D,20250103,000000,58.8,58.91,58.48,58.83,4027,0
SPEQ.UK,D,20250106,000000,59.2,59.53,59.09,59.48,74925,0
SPEQ.UK,D,20250107,000000,58.99,59.36,58.93,59.19,13694,0
SPEQ.UK,D,20250108,000000,58.9,58.99,58.32,58.645,4091,0
SPEQ.UK,D,20250109,000000,58.94,59,58.68,58.87,66961,0
SPEQ.UK,D,20250110,000000,58.8,58.95,58.105,58.105,40947,0
SPEQ.UK,D,20250113,000000,57.82,58.11,57.66,58.09,15093,0
SPEQ.UK,D,20250114,000000,58.76,58.86,58.5,58.645,36198,0
SPEQ.UK,D,20250115,000000,59.19,59.85,58.96,59.37,42878,0
SPEQ.UK,D,20250116,000000,59.83,59.93,59.47,59.93,41813,0
SPEQ.UK,D,20250117,000000,60.29,60.4,60.1,60.4,26213,0
SPEQ.UK,D,20250120,000000,60.36,60.9,60.2,60.9,51355,0
SPEQ.UK,D,20250121,000000,60.62,61.2,60.33,61.2,20949,0
SPEQ.UK,D,20250122,000000,61.03,61.1,60.85,60.965,4647,0
SPEQ.UK,D,20250123,000000,60.71,60.91,60.57,60.855,88049,0
SPEQ.UK,D,20250124,000000,61.02,61.18,60.96,61,5535,0
SPEQ.UK,D,20250127,000000,60.8,60.96,60.53,60.735,19005,0
SPEQ.UK,D,20250128,000000,61.02,61.11,60.71,60.71,45973,0
SPEQ.UK,D,20250129,000000,60.52,60.85,60.52,60.795,24755,0
SPEQ.UK,D,20250130,000000,61.1,61.135,60.85,61.135,12528,0
SPEQ.UK,D,20250131,000000,61.37,61.37,61.1,61.22,20037,0
SPEQ.UK,D,20250203,000000,59.94,60.52,59.6,60.42,18244,0
SPEQ.UK,D,20250204,000000,60.22,60.485,60.2,60.485,8723,0
SPEQ.UK,D,20250205,000000,60.25,60.51,60.25,60.51,9710,0
SPEQ.UK,D,20250206,000000,60.85,60.98,60.62,60.785,56771,0
SPEQ.UK,D,20250207,000000,60.71,60.82,60.365,60.365,20382,0
SPEQ.UK,D,20250210,000000,60.5,60.64,60.32,60.355,16934,0
SPEQ.UK,D,20250211,000000,60.5,60.5,60.28,60.38,76795,0
SPEQ.UK,D,20250212,000000,60.53,60.59,59.82,59.9,142528,0
SPEQ.UK,D,20250213,000000,60.16,60.43,60.16,60.43,12017,0
SPEQ.UK,D,20250214,000000,60.88,60.9,60.73,60.73,39091,0
SPEQ.UK,D,20250217,000000,60.49,60.72,60.49,60.715,12384,0
SPEQ.UK,D,20250218,000000,60.66,61.12,60.65,61.12,2585987,0
SPEQ.UK,D,20250219,000000,61.08,61.11,60.85,60.99,110735,0
SPEQ.UK,D,20250220,000000,60.98,61.14,60.72,60.72,95148,0
SPEQ.UK,D,20250221,000000,61.05,61.1,60.64,60.675,9122,0
SPEQ.UK,D,20250224,000000,60.27,60.59,60.15,60.375,13532,0
SPEQ.UK,D,20250225,000000,60.33,60.4,60,60.055,24505,0
SPEQ.UK,D,20250226,000000,60.57,60.64,60.46,60.605,17084,0
SPEQ.UK,D,20250227,000000,60.6,60.6,60.01,60.22,39398,0
SPEQ.UK,D,20250228,000000,59.8,59.99,59.735,59.735,23316,0
SPEQ.UK,D,20250303,000000,60.37,60.6,60.29,60.325,6286,0
SPEQ.UK,D,20250304,000000,59.73,59.8,58.57,58.57,35813,0
SPEQ.UK,D,20250305,000000,58.95,59.05,58.53,58.53,33329,0
SPEQ.UK,D,20250306,000000,58.86,59,58.6,59,20049,0
SPEQ.UK,D,20250307,000000,58.77,59,58.32,58.34,25076,0
SPEQ.UK,D,20250310,000000,58.84,59.07,58.48,58.93,23530,0
SPEQ.UK,D,20250311,000000,58.52,58.65,57.49,57.49,22115,0
SPEQ.UK,D,20250312,000000,57.75,57.92,56.96,57.345,15181,0
SPEQ.UK,D,20250313,000000,57.22,57.25,56.93,56.97,79622,0
SPEQ.UK,D,20250314,000000,56.96,57.67,56.96,57.475,4099,0
SPEQ.UK,D,20250317,000000,57.7,58.44,57.36,58.37,16017,0
SPEQ.UK,D,20250318,000000,58.72,58.72,58.1,58.225,39991,0
SPEQ.UK,D,20250319,000000,58.39,58.495,58.23,58.495,20610,0
SPEQ.UK,D,20250320,000000,58.92,58.92,58.35,58.52,22979,0
SPEQ.UK,D,20250321,000000,58.39,58.39,57.68,58.28,81236,0
SPEQ.UK,D,20250324,000000,58.68,59.02,58.59,59.02,42085,0
SPEQ.UK,D,20250325,000000,58.88,59.15,58.83,58.945,28594,0
SPEQ.UK,D,20250326,000000,58.87,59.2,58.82,58.85,33638,0
SPEQ.UK,D,20250327,000000,58.77,59,58.48,58.73,35764,0
SPEQ.UK,D,20250328,000000,58.44,58.59,57.825,57.825,9083,0
SPEQ.UK,D,20250331,000000,57.47,57.8,57.32,57.78,17626,0
SPEQ.UK,D,20250401,000000,58.21,58.29,57.63,58.225,19052,0
SPEQ.UK,D,20250402,000000,58.29,58.65,57.85,58.65,15669,0
SPEQ.UK,D,20250403,000000,57.36,57.36,56.36,56.36,192100,0
SPEQ.UK,D,20250404,000000,55.81,55.81,53.14,53.87,47039,0
SPEQ.UK,D,20250407,000000,50.97,52.91,50.69,51.73,243438,0
SPEQ.UK,D,20250408,000000,53.22,53.99,53.03,53.04,142030,0
SPEQ.UK,D,20250409,000000,51.67,51.67,50.4,51.01,47336,0
SPEQ.UK,D,20250410,000000,55.61,55.73,53.48,53.48,50738,0
SPEQ.UK,D,20250411,000000,53.92,54.02,52.87,53.12,29818,0
SPEQ.UK,D,20250414,000000,54.7,55.44,54.7,55.07,137898,0
SPEQ.UK,D,20250415,000000,55.34,55.5,55.2,55.22,11521,0
SPEQ.UK,D,20250416,000000,54.65,55.09,54.53,55.09,18372,0
SPEQ.UK,D,20250417,000000,54.5,54.72,54.34,54.67,5786,0
SPEQ.UK,D,20250422,000000,54.28,54.6399,53.96,54.6399,24654,0
SPEQ.UK,D,20250423,000000,55.79,56.52,55.6,56,8226,0
SPEQ.UK,D,20250424,000000,55.33,56.0562,55.12,56.0562,13696,0
SPEQ.UK,D,20250425,000000,56.77,56.77,55.93,56.03,14538,0
SPEQ.UK,D,20250428,000000,56.15,56.57,56.0382,56.5,67811,0
SPEQ.UK,D,20250429,000000,56.68,56.68,56.16,56.16,29602,0
SPEQ.UK,D,20250430,000000,56.4,56.73,55.7,56.35,11903,0
SPEQ.UK,D,20250501,000000,57.2,57.26,56.87,57.26,14829,0
SPEQ.UK,D,20250502,000000,57.48,57.6,57.07,57.58,47005,0
SPEQ.UK,D,20250506,000000,57.47,57.6,57.06,57.42,14400,0
SPEQ.UK,D,20250507,000000,57.59,57.59,57.2875,57.42,9269,0
SPEQ.UK,D,20250508,000000,57.53,58.21,57.53,58.21,34621,0
SPEQ.UK,D,20250509,000000,58.25,58.25,57.86,58.02,28777,0
SPEQ.UK,D,20250512,000000,58.99,59.5478,58.99,59.29,22737,0
SPEQ.UK,D,20250513,000000,59.55,59.99,59.4013,59.99,88654,0
SPEQ.UK,D,20250514,000000,59.42,59.93,59.35,59.53,7146,0
SPEQ.UK,D,20250515,000000,59.48,59.51,59.08,59.49,9185,0
SPEQ.UK,D,20250516,000000,60.09,60.15,59.8949,60.01,1136,0
SPEQ.UK,D,20250519,000000,60,60.3,59.91,60.3,6631,0
SPEQ.UK,D,20250520,000000,60.28,60.5,60.22,60.4855,5832,0
SPEQ.UK,D,20250521,000000,59.98,60.23,59.58,59.7991,11524,0
SPEQ.UK,D,20250522,000000,58.81,59.2,58.53,58.66,11132,0
SPEQ.UK,D,20250523,000000,58.8,59,58.005,58.54,6032,0
SPEQ.UK,D,20250527,000000,59.19,59.48,58.9978,59.48,14631,0
SPEQ.UK,D,20250528,000000,59.6,59.64,59.39,59.3972,10838,0
SPEQ.UK,D,20250529,000000,59.89,59.91,59.12,59.15,3737,0
SPEQ.UK,D,20250530,000000,59.39,59.39,58.9,59.1915,10377,0
SPEQ.UK,D,20250602,000000,58.93,59.24,58.58,58.95,21516,0
SPEQ.UK,D,20250603,000000,58.97,59.58,58.84,59.58,13463,0
SPEQ.UK,D,20250604,000000,59.72,59.96,59.72,59.82,16464,0
SPEQ.UK,D,20250605,000000,59.7,59.91,59.5,59.74,13295,0
SPEQ.UK,D,20250606,000000,59.91,60.03,59.72,59.99,8970,0
SPEQ.UK,D,20250609,000000,59.99,60.1619,59.92,60.09,12846,0
SPEQ.UK,D,20250610,000000,59.74,60.3141,59.74,60.28,15140,0
SPEQ.UK,D,20250611,000000,59.96,60.62,59.91,60.41,7895,0
SPEQ.UK,D,20250612,000000,59.84,60.26,59.74,60.1514,31425,0
SPEQ.UK,D,20250613,000000,59.62,59.9587,59.46,59.94,1756,0
SPEQ.UK,D,20250616,000000,59.81,60.3544,59.78,60.1,27417,0
SPEQ.UK,D,20250617,000000,60.09,60.09,59.6957,59.84,20858,0
SPEQ.UK,D,20250618,000000,59.74,59.86,59.5,59.86,12193,0
SPEQ.UK,D,20250619,000000,59.4,59.55,59.08,59.08,8280,0
SPEQ.UK,D,20250620,000000,59.4122,59.92,59.4,59.8,11018,0
SPEQ.UK,D,20250623,000000,59.88,59.9,59.58,59.9,16863,0
SPEQ.UK,D,20250624,000000,60.656,60.7,60.32,60.64,45674,0
SPEQ.UK,D,20250625,000000,60.7669,60.79,60.27,60.29,25456,0
SPEQ.UK,D,20250626,000000,60.57,60.77,60.4,60.72,3000372,0
SPEQ.UK,D,20250627,000000,60.9,61.19,60.85,61.11,98371,0
SPEQ.UK,D,20250630,000000,61.1,61.18,61.06,61.14,44526,0
SPEQ.UK,D,20250701,000000,61.1712,61.95,61.11,61.95,13326,0
SPEQ.UK,D,20250702,000000,62.28,62.28,61.76,61.8,56335,0
SPEQ.UK,D,20250703,000000,62.24,62.51,62.18,62.4,42874,0
SPEQ.UK,D,20250704,000000,62.31,62.31,61.96,62.06,10,0
SPEQ.UK,D,20250707,000000,62.14,62.34,62.02,62.04,13496,0
SPEQ.UK,D,20250708,000000,61.96,62.19,61.85,62.12,27004,0
SPEQ.UK,D,20250709,000000,62.05,62.29,61.93,62.01,17333,0
SPEQ.UK,D,20250710,000000,62.13,62.83,62.09,62.79,58718,0
SPEQ.UK,D,20250711,000000,62.46,62.46,62.2,62.22,23296,0
SPEQ.UK,D,20250714,000000,61.85,62.13,61.78,62.09,18913,0
SPEQ.UK,D,20250715,000000,62.2,62.27,61.72,61.72,5507,0
SPEQ.UK,D,20250716,000000,61.11,61.56,60.96,60.96,19328,0
SPEQ.UK,D,20250717,000000,61.56,61.89,61.48,61.89,2892,0
SPEQ.UK,D,20250718,000000,62.34,62.34,62.1,62.12,10818,0
SPEQ.UK,D,20250721,000000,62.24,62.34,62.12,62.26,13325,0
SPEQ.UK,D,20250722,000000,61.92,62.35,61.89,62.2,60581,0
SPEQ.UK,D,20250723,000000,62.83,63.04,62.83,62.92,44786,0
SPEQ.UK,D,20250724,000000,63.09,63.34,63,63.17,9927,0
SPEQ.UK,D,20250725,000000,63.12,63.13,62.87,62.99,8514,0
SPEQ.UK,D,20250728,000000,63.54,63.54,63,63.12,5384,0
SPEQ.UK,D,20250729,000000,63.01,63.04,62.77,62.77,4692,0
SPEQ.UK,D,20250730,000000,62.98,63.05,62.711,62.74,1828,0
SPEQ.UK,D,20250731,000000,62.27,62.55,62.07,62.35,9848,0
SPEQ.UK,D,20250801,000000,61.76,61.76,60.76,60.97,106983,0
SPEQ.UK,D,20250804,000000,61.39,61.9,61.3564,61.87,53368,0
SPEQ.UK,D,20250805,000000,62.09,62.11,61.61,61.64,22317,0
SPEQ.UK,D,20250806,000000,62.09,62.14,61.51,61.8,1743,0
SPEQ.UK,D,20250807,000000,62.01,62.08,61.53,61.53,13942,0
SPEQ.UK,D,20250808,000000,61.83,61.8587,61.62,61.73,15626,0
SPEQ.UK,D,20250811,000000,61.96,62.14,61.55,61.55,33098,0
SPEQ.UK,D,20250812,000000,61.71,62.09,61.48,62,9704,0
SPEQ.UK,D,20250813,000000,62.39,62.79,62.25,62.72,13854,0
SPEQ.UK,D,20250814,000000,63.1,63.33,62.67,62.67,27755,0
SPEQ.UK,D,20250815,000000,63.06,63.06,62.83,62.83,2637,0
SPEQ.UK,D,20250818,000000,62.92,62.92,62.52,62.75,5515,0
SPEQ.UK,D,20250819,000000,62.55,63.22,62.5355,63.04,25653,0
SPEQ.UK,D,20250820,000000,62.89,63.02,62.6662,62.81,5958,0
SPEQ.UK,D,20250821,000000,62.85,62.89,62.64,62.76,13399,0
SPEQ.UK,D,20250822,000000,62.77,63.94,62.76,63.94,4454,0
SPEQ.UK,D,20250826,000000,63.32,63.4452,63.19,63.41,46601,0
SPEQ.UK,D,20250827,000000,63.5,63.67,63.37,63.56,2224,0
SPEQ.UK,D,20250828,000000,63.83,63.99,63.38,63.42,5317,0
SPEQ.UK,D,20250829,000000,63.6,63.75,63.39816,63.45,26596,0
SPEQ.UK,D,20250901,000000,63.61,63.72,63.53,63.67,4715,0
SPEQ.UK,D,20250902,000000,63.58,63.66,62.84,62.84,15164,0
SPEQ.UK,D,20250903,000000,62.87,63.15,62.84,62.86,16764,0
SPEQ.UK,D,20250904,000000,63.09,63.2,62.98,63.18,5043,0
SPEQ.UK,D,20250905,000000,63.48,63.86,63.16,63.29,8209,0
SPEQ.UK,D,20250908,000000,63.48,63.58,63.16,63.39,6473,0
SPEQ.UK,D,20250909,000000,63.53,63.62,63.15,63.186,9712,0
SPEQ.UK,D,20250910,000000,63.14,63.45,63.0691,63.13,10819,0
SPEQ.UK,D,20250911,000000,63.27,63.93,63.19,63.93,3810,0
SPEQ.UK,D,20250912,000000,64.05,64.08,63.84,63.85,3304,0
SPEQ.UK,D,20250915,000000,63.77,63.94,63.71,63.71,5508,0
SPEQ.UK,D,20250916,000000,63.58,63.61,63.25,63.25,14408,0
SPEQ.UK,D,20250917,000000,63.4,63.81,63.35,63.78,7646,0
SPEQ.UK,D,20250918,000000,63.66,63.985,63.56,63.87,8375,0
SPEQ.UK,D,20250919,000000,63.8309,64.04,63.59,63.59,28222,0
SPEQ.UK,D,20250922,000000,63.72,63.73,63.5,63.68,1525,0
SPEQ.UK,D,20250923,000000,63.78,64.24,63.78,64.04,26880,0
SPEQ.UK,D,20250924,000000,63.96,63.98,63.82,63.84,13636,0
SPEQ.UK,D,20250925,000000,63.72,63.8,63.2,63.24,17893,0
SPEQ.UK,D,20250926,000000,63.36,63.68,63.2525,63.68,18392,0
SPEQ.UK,D,20250929,000000,64.02,64.19,63.86,63.88,1302,0
SPEQ.UK,D,20250930,000000,63.97,64.11,63.77,63.77,12031,0
SPEQ.UK,D,20251001,000000,63.78,64.27,63.75,64.27,87972,0
SPEQ.UK,D,20251002,000000,64.47,64.62,64.23,64.23,8598,0
SPEQ.UK,D,20251003,000000,64.68,65.02,64.5762,64.88,4644,0
SPEQ.UK,D,20251006,000000,64.88,64.99,64.63,64.83,10774,0
SPEQ.UK,D,20251007,000000,64.73,64.84,64.45,64.46,19788,0
SPEQ.UK,D,20251008,000000,64.47,64.66,64.27,64.65,10993,0
SPEQ.UK,D,20251009,000000,64.63,64.78,64.22,64.22,6786,0
SPEQ.UK,D,20251010,000000,64.24,64.48,63.24,63.24,53315,0
SPEQ.UK,D,20251013,000000,63.24,63.35,62.98,63.34,67120,0
SPEQ.UK,D,20251014,000000,62.9,63.34,62.64,63.34,34226,0
SPEQ.UK,D,20251015,000000,64.01,64.37,63.94,64.09,11305,0
SPEQ.UK,D,20251016,000000,63.99,64.11,63.85,64.01,257327,0
SPEQ.UK,D,20251017,000000,62.94,63.57,62.86,63.33,23667,0
SPEQ.UK,D,20251020,000000,63.78,64.17,63.75,64.12,6694,0
SPEQ.UK,D,20251021,000000,64.28,64.59,64.14,64.59,5664,0
SPEQ.UK,D,20251022,000000,64.63,64.7,64.44,64.47,13679,0
SPEQ.UK,D,20251023,000000,64.39,64.42,64.27,64.31,12926,0
SPEQ.UK,D,20251024,000000,64.71,65,64.56,64.89,11597,0
SPEQ.UK,D,20251027,000000,65.42,65.42,64.83,64.9,11210,0
SPEQ.UK,D,20251028,000000,64.89,64.98,64.5,64.66,14904,0
SPEQ.UK,D,20251029,000000,64.44,64.78,64.12,64.29,18024,0
SPEQ.UK,D,20251030,000000,63.9,64.06,63.48,63.93,7996,0
SPEQ.UK,D,20251031,000000,63.35,63.64,63.19,63.47,9386,0
SPEQ.UK,D,20251103,000000,63.53,63.75,62.76,63.23,16012,0
SPEQ.UK,D,20251104,000000,63.06,63.15,62.78,63.07,11064,0
SPEQ.UK,D,20251105,000000,62.97,63.13,62.93941,63.13,14358,0
SPEQ.UK,D,20251106,000000,63.25,63.62,63,63.01,19405,0
SPEQ.UK,D,20251107,000000,63.19,63.19,62.82,62.89,8870,0
SPEQ.UK,D,20251110,000000,63.45,63.82,63.32,63.32,7695,0
SPEQ.UK,D,20251111,000000,63.81,64.1,63.78,64.05,80140,0
SPEQ.UK,D,20251112,000000,64.06,64.55,64.06,64.48,18666,0
SPEQ.UK,D,20251113,000000,64.43,64.45,64.14,64.14,21572,0
SPEQ.UK,D,20251114,000000,63.7,63.74,63.16,63.45,27257,0
SPEQ.UK,D,20251117,000000,63.48,63.57,63.05,63.19,19628,0
SPEQ.UK,D,20251118,000000,62.42,62.52,62.22,62.52,6688,0
SPEQ.UK,D,20251119,000000,62.61,62.82,62.33,62.35,9176,0
SPEQ.UK,D,20251120,000000,62.68,63.16,62.61,62.63,5571,0
SPEQ.UK,D,20251121,000000,61.79,62.52,61.62,62.52,8744,0
SPEQ.UK,D,20251124,000000,63.08,63.19,62.75,63.15,13445,0
SPEQ.UK,D,20251125,000000,63.17,63.84986,63.12,63.8428,22361,0
SPEQ.UK,D,20251126,000000,64.15,64.52,64.03,64.52,5668,0
SPEQ.UK,D,20251127,000000,64.37,64.5,64.33,64.42,54454,0
SPEQ.UK,D,20251128,000000,64.43,64.84,64.43,64.82,5597,0
SPEQ.UK,D,20251201,000000,64.31,64.64,64.31,64.63,26604,0
SPEQ.UK,D,20251202,000000,64.38,64.54,64.16,64.18,8711,0
SPEQ.UK,D,20251203,000000,64.48,64.69,64.29,64.62,11294,0
SPEQ.UK,D,20251204,000000,64.83,64.95,64.69,64.8,34261,0
SPEQ.UK,D,20251205,000000,64.87,65.125,64.78,65.125,9123,0
SPEQ.UK,D,20251208,000000,64.97,65.11,64.73,64.77,10101,0
SPEQ.UK,D,20251209,000000,64.63,64.79,64.5,64.755,109452,0
SPEQ.UK,D,20251210,000000,64.52,64.795,64.39,64.795,45671,0
SPEQ.UK,D,20251211,000000,65.13,65.8,65.1,65.77,4107,0
SPEQ.UK,D,20251212,000000,66.11,66.11,65.55,65.55,3348,0
SPEQ.UK,D,20251215,000000,65.67,65.86,65.41,65.495,107995,0
SPEQ.UK,D,20251216,000000,65.41,65.61,65.09,65.1,7481,0
SPEQ.UK,D,20251217,000000,65.09,65.38,64.8778,65.05,54100,0
SPEQ.UK,D,20251218,000000,65.01,65.49,64.88,65.35,127022,0
SPEQ.UK,D,20251219,000000,65,65.3563,64.93,65.355,54242,0
SPEQ.UK,D,20251222,000000,65.4,65.74,65.21,65.69,20463,0
SPEQ.UK,D,20251223,000000,65.57,65.88,65.43,65.43,16914,0
SPEQ.UK,D,20251224,000000,65.58,65.67,65.38,65.6,13786,0
SPEQ.UK,D,20251229,000000,65.97,65.97,65.66,65.685,32755,0
SPEQ.UK,D,20251230,000000,65.78,65.84,65.63,65.72,21431,0
SPEQ.UK,D,20251231,000000,65.59,65.62,65.52,65.56,8373,0
SPEQ.UK,D,20260102,000000,65.21,65.37,64.95,65.345,43953,0
SPEQ.UK,D,20260105,000000,65.5,66.06,65.45,65.96,12021,0
SPEQ.UK,D,20260106,000000,66,66.48,65.96,66.48,3556,0
SPEQ.UK,D,20260107,000000,66.93,67.09,66.3909,66.46,101025,0
SPEQ.UK,D,20260108,000000,66.05,66.66,66.05,66.66,3549,0
SPEQ.UK,D,20260109,000000,66.78,67.14,66.62,67,53542,0
SPEQ.UK,D,20260112,000000,67,67.07,66.88,67.06,40675,0
SPEQ.UK,D,20260113,000000,67.13,67.36,67.04,67.04,12325,0
SPEQ.UK,D,20260114,000000,67.35,67.3986,67.03,67.3986,94689,0
SPEQ.UK,D,20260115,000000,67.49,67.95,67.44,67.95,51658,0
SPEQ.UK,D,20260116,000000,67.91,67.96,67.5043,67.69,91152,0
SPEQ.UK,D,20260119,000000,67.15,67.4,67.07,67.135,11214,0
SPEQ.UK,D,20260120,000000,66.98,67.19,66.66,67.07,74855,0
SPEQ.UK,D,20260121,000000,66.81,67.44,66.62,67.35,67648,0
SPEQ.UK,D,20260122,000000,67.76,68.04,67.76,68,39666,0
SPEQ.UK,D,20260123,000000,67.84,67.88,67.47,67.47,61054,0
SPEQ.UK,D,20260126,000000,67.52,67.77,67.46,67.6,27163,0
SPEQ.UK,D,20260127,000000,67.68,67.75,67.51,67.59,78351,0
SPEQ.UK,D,20260128,000000,67.6,67.685,67.4,67.56,14209,0
SPEQ.UK,D,20260129,000000,67.5,67.81,67.06,67.26,12535,0
SPEQ.UK,D,20260130,000000,66.91,67.43,66.9,66.9,8141,0
SPEQ.UK,D,20260202,000000,66.76,67.55,66.76,67.54,12570,0
SPEQ.UK,D,20260203,000000,67.65,67.9,67.3214,67.59,136923,0
SPEQ.UK,D,20260204,000000,67.6,68.1,67.45,67.97,16731,0
SPEQ.UK,D,20260205,000000,68.06,68.14,67.43,67.54,357707,0
SPEQ.UK,D,20260206,000000,67.64,68.37,67.54,68.34,91091,0
SPEQ.UK,D,20260209,000000,68.69,68.77,68.2745,68.665,22537,0
SPEQ.UK,D,20260210,000000,68.51,69.07,68.51,69.07,44680,0
SPEQ.UK,D,20260211,000000,69.15,69.2927,68.74,69.08,73314,0
SPEQ.UK,D,20260212,000000,69.29,69.67,68.3985,68.53,70129,0
SPEQ.UK,D,20260213,000000,68.15,69.1827,67.98,68.98,16555,0
SPEQ.UK,D,20260216,000000,69.11,69.37,68.94,69.055,89340,0
SPEQ.UK,D,20260217,000000,68.87,69,68.26,68.79,77276,0
SPEQ.UK,D,20260218,000000,68.89,69.28,68.78,69.19,18196,0
SPEQ.UK,D,20260219,000000,70,70,68.72,68.8,25809,0
SPEQ.UK,D,20260220,000000,69.04,69.4,68.75,68.98,17051,0
SPEQ.UK,D,20260223,000000,69.04,69.29,68.34,68.47,24142,0
SPEQ.UK,D,20260224,000000,68.7,69.0549,68.56,68.855,86006,0
SPEQ.UK,D,20260225,000000,69.08,69.25,68.63,68.98,47612,0
SPEQ.UK,D,20260226,000000,68.92,69.55,68.91,69.325,612221,0
SPEQ.UK,D,20260227,000000,69.42,69.43,68.96,69.32,12175,0
SPEQ.UK,D,20260302,000000,69.04,69.28,68.93,69.07,41981,0
SPEQ.UK,D,20260303,000000,69.17,69.17,67.51,68.18,49222,0
SPEQ.UK,D,20260304,000000,68.48,68.91,68.34,68.79,161668,0
SPEQ.UK,D,20260305,000000,68.69,68.89,68.14,68.14,93075,0
SPEQ.UK,D,20260306,000000,68.15,68.28,66.67,67.21,29310,0
SPEQ.UK,D,20260309,000000,66.61,66.71,65.88,66.64,28387,0
SPEQ.UK,D,20260310,000000,67.5,67.74,66.86,67.46,121084,0
SPEQ.UK,D,20260311,000000,67.05,67.28,66.505,66.505,38839,0
SPEQ.UK,D,20260312,000000,66.4,66.48,66.18,66.19,20814,0
SPEQ.UK,D,20260313,000000,65.64,66.34,65.4,65.81,14663,0
SPEQ.UK,D,20260316,000000,65.87,66.5,65.87,66.11,67314,0
SPEQ.UK,D,20260317,000000,65.85,66.92,65.85,66.61,17353,0
SPEQ.UK,D,20260318,000000,66.78,66.9,66.13,66.185,50368,0
SPEQ.UK,D,20260319,000000,65.63,65.7,65.16,65.365,61818,0
SPEQ.UK,D,20260320,000000,66.06,66.06,65,65.03,25027,0
SPEQ.UK,D,20260323,000000,64.19,66.31,64,65.235,84246,0
SPEQ.UK,D,20260324,000000,65.73,65.7962,64.84,65.68,16643,0
SPEQ.UK,D,20260325,000000,65.88,66.15,65.3,65.67,77350,0
SPEQ.UK,D,20260326,000000,65.45,65.93,65.15,65.36,58518,0
SPEQ.UK,D,20260327,000000,65.12,65.34,64.3883,64.675,106066,0
SPEQ.UK,D,20260330,000000,64.45,64.9,64.23,64.585,8801,0
SPEQ.UK,D,20260331,000000,64.62,64.96,64.5,64.66,23973,0
SPEQ.UK,D,20260401,000000,65.84,65.97,65.43,65.86,64044,0
SPEQ.UK,D,20260402,000000,64.88,66.04,64.77,65.785,158287,0
SPEQ.UK,D,20260407,000000,65.74,66.31,65.5257,65.725,34853,0
SPEQ.UK,D,20260408,000000,67.38,67.53,67.1645,67.205,46246,0
SPEQ.UK,D,20260409,000000,67.44,67.44,67.03,67.33,208151,0
SPEQ.UK,D,20260410,000000,67.46,67.66,67.03,67.11,12921,0
SPEQ.UK,D,20260413,000000,66.8,67.0565,66.51,66.89,20508,0
SPEQ.UK,D,20260414,000000,67.81,68.07,67.61,68,14461,0
SPEQ.UK,D,20260415,000000,68,68.17,67.809,67.85,163638,0
SPEQ.UK,D,20260416,000000,68.14,68.43,67.96,68.31,172120,0
SPEQ.UK,D,20260417,000000,68.46,69.44,68.41,69.23,85683,0
SPEQ.UK,D,20260420,000000,68.83,69.43,68.83,69.36,119584,0
SPEQ.UK,D,20260421,000000,69.53,69.83,69.0925,69.22,33516,0
SPEQ.UK,D,20260422,000000,69.39,69.68,69.06,69.105,23576,0
SPEQ.UK,D,20260423,000000,68.82,69.12,68.71,69.05,89494,0
SPEQ.UK,D,20260424,000000,69.24,69.24,68.67,68.67,285744,0
SPEQ.UK,D,20260427,000000,68.77,69.11,68.61,68.71,20278,0
SPEQ.UK,D,20260428,000000,68.76,68.8665,68.23,68.32,10264,0
SPEQ.UK,D,20260429,000000,68.55,68.81,68.15,68.19,6913,0
SPEQ.UK,D,20260430,000000,68,69,67.94,68.93,13084,0
SPEQ.UK,D,20260501,000000,69.39,69.52,69.14,69.32,5563,0
SPEQ.UK,D,20260505,000000,68.85,69.24,68.71,69.12,27888,0
SPEQ.UK,D,20260506,000000,69.51,69.94,69.35,69.81,9987,0
SPEQ.UK,D,20260507,000000,69.94,70,69.21,69.67,15303,0
SPEQ.UK,D,20260508,000000,69.56,69.72,69.25,69.5,20984,0
SPEQ.UK,D,20260511,000000,69.56,69.72,69.44,69.47,27964,0
SPEQ.UK,D,20260512,000000,69.42,69.51,68.96,68.97,38062,0
SPEQ.UK,D,20260513,000000,69.47,69.49,68.94,68.97,12804,0
SPEQ.UK,D,20260514,000000,69.16,69.5647,69.13,69.56,9125,0
SPEQ.UK,D,20260515,000000,69.32,69.37,68.76,68.76,31695,0
SPEQ.UK,D,20260518,000000,68.45,69.12,68.32,68.85,37680,0
SPEQ.UK,D,20260519,000000,68.95,69.12,68.6089,68.73,32414,0
SPEQ.UK,D,20260520,000000,68.7,69.4252,68.44,69.3,56123,0
SPEQ.UK,D,20260521,000000,69.35,69.62,69,69.24,31520,0
SPEQ.UK,D,20260522,000000,69.94,70.42,69.84,70.22,33366,0
SPEQ.UK,D,20260526,000000,70.78,71.21,70.6029,70.71,12782,0
SPEQ.UK,D,20260527,000000,70.9,71.09,70.78,70.87,10092,0
SPEQ.UK,D,20260528,000000,70.83,71.1831,70.54,71.06,25363,0
SPEQ.UK,D,20260529,000000,71.33,71.42,70.9,71.27,20712,0
SPEQ.UK,D,20260601,000000,71.14,71.24,70.9,71.18,9502,0
SPEQ.UK,D,20260602,000000,71.35,71.47,71.1725,71.41,24193,0
SPEQ.UK,D,20260603,000000,71.6,71.6,71.21,71.46,49048,0
SPEQ.UK,D,20260604,000000,71.4,71.85,71.25,71.72,14198,0
SPEQ.UK,D,20260605,000000,71.72,71.785,71.32,71.39,5616,0
SPEQ.UK,D,20260608,000000,70.82,71.27,70.7,71,254302,0
SPEQ.UK,D,20260609,000000,70.85,71.59,70.66,70.66,7124,0
SPEQ.UK,D,20260610,000000,71.14,71.41,70.77,71.0149,21119,0
SPEQ.UK,D,20260611,000000,70.79,71,70.45,70.75,10687,0
SPEQ.UK,D,20260612,000000,71.67,72.22,71.3,72.06,6082,0
SPEQ.UK,D,20260615,000000,72.72,73.07,72.54,72.71,17977,0
SPEQ.UK,D,20260616,000000,72.52,72.92,72.47,72.55,7461,0
SPEQ.UK,D,20260617,000000,72.45,72.67,72.26,72.55,7357,0
SPEQ.UK,D,20260618,000000,71.8,71.94,71.57,71.78,47112,0
SPEQ.UK,D,20260619,000000,71.33,71.83,71.33,71.76,9114,0
SPEQ.UK,D,20260622,000000,71.61,71.9,71.36,71.86,9639,0
SPEQ.UK,D,20260623,000000,71.5,71.5935,71.01,71.49,5691,0
SPEQ.UK,D,20260624,000000,71.62,72.334,71.15,72.3,11203,0
SPEQ.UK,D,20260625,000000,72.23,73.02,72.05,72.51,7267,0
SPEQ.UK,D,20260626,000000,72.24,72.77,72.21,72.77,6245,0
SPEQ.UK,D,20260629,000000,72.77,73.11,72.36,72.59,19281,0
SPEQ.UK,D,20260630,000000,73,73.05,72.55,72.75,75720,0
SPEQ.UK,D,20260701,000000,72.52,73.36,72.33,73.25,34502,0
SPEQ.UK,D,20260702,000000,73.19,73.69,73.05,73.4,7915,0
