<TICKER>,<PER>,<DATE>,<TIME>,<OPEN>,<HIGH>,<LOW>,<CLOSE>,<VOL>,<OPENINT>
XUSE.UK,D,20250428,000000,4.034,4.034,4.034,4.034,801,0
XUSE.UK,D,20250429,000000,4.0375,4.0375,4.0145,4.0145,20360,0
XUSE.UK,D,20250430,000000,4.044,4.044,4.014,4.016,27277,0
XUSE.UK,D,20250501,000000,4.085,4.085,4.085,4.085,14797,0
XUSE.UK,D,20250502,000000,4.097,4.097,4.097,4.097,20554,0
XUSE.UK,D,20250506,000000,4.0915,4.0995,4.0905,4.0995,52860,0
XUSE.UK,D,20250507,000000,4.1055,4.1055,4.104,4.104,34039,0
XUSE.UK,D,20250508,000000,4.125,4.125,4.0985,4.1065,12277,0
XUSE.UK,D,20250509,000000,4.1245,4.125,4.1241,4.125,8828,0
XUSE.UK,D,20250512,000000,4.174,4.174,4.1523,4.1523,3396,0
XUSE.UK,D,20250513,000000,4.1407,4.159,4.1407,4.159,412831,0
XUSE.UK,D,20250514,000000,4.1455,4.1455,4.1335,4.136,8898,0
XUSE.UK,D,20250515,000000,4.136,4.136,4.1355,4.1355,1039,0
XUSE.UK,D,20250516,000000,4.1771,4.187,4.1705,4.1795,10241,0
XUSE.UK,D,20250519,000000,4.1685,4.178,4.147,4.178,6230,0
XUSE.UK,D,20250520,000000,4.191,4.215,4.18909,4.2145,12150,0
XUSE.UK,D,20250521,000000,4.2015,4.21,4.1965,4.207,17927,0
XUSE.UK,D,20250522,000000,4.1945,4.1945,4.149,4.1675,18042,0
XUSE.UK,D,20250523,000000,4.1911,4.1911,4.1245,4.1295,16775,0
XUSE.UK,D,20250527,000000,4.064,4.2095,4.064,4.2095,4028,0
XUSE.UK,D,20250528,000000,4.2095,4.2095,4.1765,4.1875,7483,0
XUSE.UK,D,20250529,000000,4.221,4.221,2.578,4.1875,35139,0
XUSE.UK,D,20250530,000000,4.2145,4.2145,4.189,4.196,66300,0
XUSE.UK,D,20250602,000000,4.195,4.2055,4.181,4.203,5414,0
XUSE.UK,D,20250603,000000,4.2105,4.2105,4.1835,4.1975,2271,0
XUSE.UK,D,20250604,000000,4.23,4.23,4.1865,4.2102,2243,0
XUSE.UK,D,20250605,000000,4.204,4.23,4.2,4.23,34002,0
XUSE.UK,D,20250606,000000,4.222,4.2365,4.214,4.2305,42358,0
XUSE.UK,D,20250609,000000,4.239,4.239,4.224,4.225,2915,0
XUSE.UK,D,20250610,000000,4.246,4.2535,4.23177,4.24,58394,0
XUSE.UK,D,20250611,000000,4.248,4.2505,4.23966,4.2455,8742,0
XUSE.UK,D,20250612,000000,4.24,4.248,4.21213,4.2386,59874,0
XUSE.UK,D,20250613,000000,4.23,4.23,4.197,4.2107,8091,0
XUSE.UK,D,20250616,000000,4.2207,4.2405,4.2175,4.235,19237,0
XUSE.UK,D,20250617,000000,4.2075,4.212,4.1985,4.2075,34741,0
XUSE.UK,D,20250618,000000,4.232,4.232,4.2134,4.22,50406,0
XUSE.UK,D,20250619,000000,4.2235,4.2235,4.166,4.166,11687,0
XUSE.UK,D,20250620,000000,4.1,4.2055,4.1,4.166,72608,0
XUSE.UK,D,20250623,000000,4.177,4.186,4.1635,4.173,37076,0
XUSE.UK,D,20250624,000000,4.2191,4.225,4.185,4.1965,85618,0
XUSE.UK,D,20250625,000000,4.21,4.21,4.168,4.17,6252,0
XUSE.UK,D,20250626,000000,4.187,4.187,4.1682,4.1785,16416,0
XUSE.UK,D,20250627,000000,4.2095,4.233,4.2015,4.225,46999,0
XUSE.UK,D,20250630,000000,4.245,4.245,4.2185,4.2272,112380,0
XUSE.UK,D,20250701,000000,4.2335,4.2335,4.2055,4.2115,24651,0
XUSE.UK,D,20250702,000000,4.245,4.264,4.2285,4.255,75248,0
XUSE.UK,D,20250703,000000,4.28,4.28,4.2555,4.2619,161315,0
XUSE.UK,D,20250704,000000,4.2595,4.265,4.2297,4.265,14794,0
XUSE.UK,D,20250707,000000,4.26,4.26,4.239,4.244,28417,0
XUSE.UK,D,20250708,000000,4.27,4.27,4.245,4.259,12789,0
XUSE.UK,D,20250709,000000,4.261,4.28,4.2543,4.2725,97459,0
XUSE.UK,D,20250710,000000,4.295,4.3095,4.2665,4.296,53737,0
XUSE.UK,D,20250711,000000,4.302,4.302,4.26916,4.2832,29969,0
XUSE.UK,D,20250714,000000,4.29,4.295,4.2695,4.294,12475,0
XUSE.UK,D,20250715,000000,4.3295,4.3345,4.277,4.277,130760,0
XUSE.UK,D,20250716,000000,4.273,4.282,4.26,4.26,55538,0
XUSE.UK,D,20250717,000000,4.2995,4.2995,4.2769,4.285,16205,0
XUSE.UK,D,20250718,000000,4.3145,4.3145,4.2805,4.2935,86266,0
XUSE.UK,D,20250721,000000,4.2939,4.301,4.28,4.301,13209,0
XUSE.UK,D,20250722,000000,4.3065,4.3065,4.27844,4.2955,23800,0
XUSE.UK,D,20250723,000000,4.34241,4.356,4.335,4.345,317883,0
XUSE.UK,D,20250724,000000,4.3834,4.3905,4.3615,4.3781,16016,0
XUSE.UK,D,20250725,000000,4.359,4.3749,4.356,4.3715,93233,0
XUSE.UK,D,20250728,000000,4.3935,4.3935,4.332,4.332,43884,0
XUSE.UK,D,20250729,000000,4.3575,4.3755,4.3365,4.3365,28659,0
XUSE.UK,D,20250730,000000,4.34868,4.3525,4.3415,4.349,182555,0
XUSE.UK,D,20250731,000000,4.3594,4.37,4.3265,4.328,99992,0
XUSE.UK,D,20250801,000000,4.3,4.31,4.254,4.2775,25249,0
XUSE.UK,D,20250804,000000,4.298,4.327,4.2946,4.327,96031,0
XUSE.UK,D,20250805,000000,4.354,4.354,4.3275,4.331,121898,0
XUSE.UK,D,20250806,000000,4.3585,4.363,4.3445,4.351,186685,0
XUSE.UK,D,20250807,000000,4.3575,4.397,4.35592,4.3625,223350,0
XUSE.UK,D,20250808,000000,4.3755,4.3805,4.358,4.3785,17345,0
XUSE.UK,D,20250811,000000,4.384,4.384,4.361,4.3685,88697,0
XUSE.UK,D,20250812,000000,4.352,4.381,4.352,4.3778,76752,0
XUSE.UK,D,20250813,000000,4.3945,4.399,4.3765,4.3885,128090,0
XUSE.UK,D,20250814,000000,4.3821,4.394,4.377,4.3905,171370,0
XUSE.UK,D,20250815,000000,4.425,4.4285,4.4085,4.4125,22767,0
XUSE.UK,D,20250818,000000,4.4307,4.4307,4.4005,4.4175,44014,0
XUSE.UK,D,20250819,000000,4.4224,4.445,4.4135,4.4389,319464,0
XUSE.UK,D,20250820,000000,4.4221,4.4515,4.4125,4.4455,39545,0
XUSE.UK,D,20250821,000000,4.4715,4.4715,4.4215,4.4445,210422,0
XUSE.UK,D,20250822,000000,4.445,4.48833,4.4445,4.4775,83378,0
XUSE.UK,D,20250826,000000,4.422,4.432,4.4021,4.427,150077,0
XUSE.UK,D,20250827,000000,4.429,4.4325,4.4065,4.4189,275428,0
XUSE.UK,D,20250828,000000,4.4435,4.4475,4.417,4.42917,308714,0
XUSE.UK,D,20250829,000000,4.4305,4.4305,4.4085,4.41429,288328,0
XUSE.UK,D,20250901,000000,4.4385,4.4385,4.4035,4.41288,121008,0
XUSE.UK,D,20250902,000000,4.4185,4.4218,4.3855,4.4,67967,0
XUSE.UK,D,20250903,000000,4.4205,4.4205,4.3875,4.405,49073,0
XUSE.UK,D,20250904,000000,4.4124,4.4275,4.406,4.42427,44433,0
XUSE.UK,D,20250905,000000,4.4395,4.454,4.4145,4.427,90781,0
XUSE.UK,D,20250908,000000,4.4765,4.4765,4.4425,4.4577,218858,0
XUSE.UK,D,20250909,000000,4.4555,4.4595,4.4315,4.448,80148,0
XUSE.UK,D,20250910,000000,4.469,4.474,4.4485,4.45,52014,0
XUSE.UK,D,20250911,000000,4.45918,4.48,4.4545,4.4705,121092,0
XUSE.UK,D,20250912,000000,4.4784,4.484,4.4625,4.4665,290934,0
XUSE.UK,D,20250915,000000,4.47,4.4855,4.46942,4.4825,82183,0
XUSE.UK,D,20250916,000000,4.48066,4.486,4.4485,4.4515,72757,0
XUSE.UK,D,20250917,000000,4.467,4.4705,4.4425,4.452,91063,0
XUSE.UK,D,20250918,000000,4.45856,4.4955,4.45856,4.495,141819,0
XUSE.UK,D,20250919,000000,4.48477,4.516,4.4805,4.504,568166,0
XUSE.UK,D,20250922,000000,4.5,4.507,4.485,4.5005,2005282,0
XUSE.UK,D,20250923,000000,4.51112,4.5305,4.5015,4.516,220550,0
XUSE.UK,D,20250924,000000,4.5215,4.5215,4.492,4.5045,206324,0
XUSE.UK,D,20250925,000000,4.49303,4.51,4.475,4.495,71801,0
XUSE.UK,D,20250926,000000,4.5065,4.5235,4.491,4.502,177594,0
XUSE.UK,D,20250929,000000,4.5146,4.531,4.5035,4.513,227933,0
XUSE.UK,D,20250930,000000,4.519,4.529,4.501,4.507,81009,0
XUSE.UK,D,20251001,000000,4.5285,4.552,4.513,4.55,204222,0
XUSE.UK,D,20251002,000000,4.5725,4.59,4.5565,4.579,294396,0
XUSE.UK,D,20251003,000000,4.608,4.614,4.592,4.6015,299547,0
XUSE.UK,D,20251006,000000,4.62589,4.64371,4.6,4.6245,1278407,0
XUSE.UK,D,20251007,000000,4.6135,4.6275,4.594,4.598,331786,0
XUSE.UK,D,20251008,000000,4.62,4.62,4.58805,4.618,229815,0
XUSE.UK,D,20251009,000000,4.636,4.64,4.607,4.618,322072,0
XUSE.UK,D,20251010,000000,4.59886,4.611,4.53535,4.5465,690868,0
XUSE.UK,D,20251013,000000,4.549,4.5645,4.5305,4.551,996530,0
XUSE.UK,D,20251014,000000,4.5485,4.568,4.5205,4.5605,395398,0
XUSE.UK,D,20251015,000000,4.623,4.623,4.586,4.586,480491,0
XUSE.UK,D,20251016,000000,4.595,4.608,4.5765,4.603,261148,0
XUSE.UK,D,20251017,000000,4.55188,4.59393,4.527,4.572,281358,0
XUSE.UK,D,20251020,000000,4.61,4.63,4.5885,4.6267,619218,0
XUSE.UK,D,20251021,000000,4.65,4.65,4.601,4.6095,689814,0
XUSE.UK,D,20251022,000000,4.6545,4.6545,4.6085,4.6085,809793,0
XUSE.UK,D,20251023,000000,4.61686,4.641,4.607,4.6395,300399,0
XUSE.UK,D,20251024,000000,4.655,4.6645,4.6245,4.6585,241401,0
XUSE.UK,D,20251027,000000,4.681,4.687,4.66,4.6795,634352,0
XUSE.UK,D,20251028,000000,4.68,4.7105,4.66,4.7035,273264,0
XUSE.UK,D,20251029,000000,4.7261,4.729,4.701,4.7065,463805,0
XUSE.UK,D,20251030,000000,4.71,4.7135,4.677,4.7135,444643,0
XUSE.UK,D,20251031,000000,4.71059,4.7215,4.677,4.6822,229630,0
XUSE.UK,D,20251103,000000,4.7225,4.7225,4.6765,4.6786,327677,0
XUSE.UK,D,20251104,000000,4.6685,4.6965,4.639,4.6965,432821,0
XUSE.UK,D,20251105,000000,4.6925,4.708,4.6612,4.6945,114102,0
XUSE.UK,D,20251106,000000,4.70315,4.7125,4.6615,4.6615,169087,0
XUSE.UK,D,20251107,000000,4.703,4.703,4.623,4.6279,184878,0
XUSE.UK,D,20251110,000000,4.7165,4.7165,4.6743,4.6885,347470,0
XUSE.UK,D,20251111,000000,4.72239,4.7455,4.717,4.7455,224356,0
XUSE.UK,D,20251112,000000,4.77,4.803,4.759,4.7935,369020,0
XUSE.UK,D,20251113,000000,4.8005,4.8195,4.7445,4.74701,411800,0
XUSE.UK,D,20251114,000000,4.72,4.736,4.6815,4.7235,194084,0
XUSE.UK,D,20251117,000000,4.7165,4.72,4.6755,4.68027,301494,0
XUSE.UK,D,20251118,000000,4.622,4.631,4.586,4.61,377794,0
XUSE.UK,D,20251119,000000,4.6105,4.641,4.5965,4.6175,1440841,0
XUSE.UK,D,20251120,000000,4.6785,4.6785,4.6263,4.6263,291403,0
XUSE.UK,D,20251121,000000,4.5755,4.608,4.57228,4.592,321915,0
XUSE.UK,D,20251124,000000,4.6293,4.6395,4.6035,4.6305,2387703,0
XUSE.UK,D,20251125,000000,4.6146,4.644,4.5995,4.638,595588,0
XUSE.UK,D,20251126,000000,4.677,4.68657,4.6535,4.6855,237679,0
XUSE.UK,D,20251127,000000,4.683,4.692,4.6755,4.683,165334,0
XUSE.UK,D,20251128,000000,4.791,4.791,4.62,4.7005,465134,0
XUSE.UK,D,20251201,000000,4.693,4.704,4.6745,4.69825,237452,0
XUSE.UK,D,20251202,000000,4.6955,4.7195,4.691,4.7015,277326,0
XUSE.UK,D,20251203,000000,4.7035,4.7115,4.67425,4.67425,800850,0
XUSE.UK,D,20251204,000000,4.7315,4.7315,4.687,4.7045,252755,0
XUSE.UK,D,20251205,000000,4.7155,4.7245,4.702,4.709,275412,0
XUSE.UK,D,20251208,000000,4.72,4.72,4.695,4.697,260037,0
XUSE.UK,D,20251209,000000,4.697,4.7173,4.6915,4.7135,522194,0
XUSE.UK,D,20251210,000000,4.7025,4.722,4.6905,4.704,152561,0
XUSE.UK,D,20251211,000000,4.732,4.741,4.684,4.729,403527,0
XUSE.UK,D,20251212,000000,4.7665,4.7735,4.7215,4.72875,506207,0
XUSE.UK,D,20251215,000000,4.748,4.773,4.7475,4.7515,716194,0
XUSE.UK,D,20251216,000000,4.75,4.75658,4.714,4.718,525519,0
XUSE.UK,D,20251217,000000,4.7415,4.751,4.704,4.708,1404315,0
XUSE.UK,D,20251218,000000,4.711,4.759,4.7,4.7465,1636507,0
XUSE.UK,D,20251219,000000,4.7385,4.778,4.73,4.767,185077,0
XUSE.UK,D,20251222,000000,4.7495,4.7675,4.7325,4.7455,780127,0
XUSE.UK,D,20251223,000000,4.7505,4.795,4.7505,4.774,1303253,0
XUSE.UK,D,20251224,000000,4.774,4.784,4.7565,4.76575,198364,0
XUSE.UK,D,20251229,000000,4.772,4.78,4.7505,4.76375,809379,0
XUSE.UK,D,20251230,000000,4.762,4.7985,4.7505,4.796,637252,0
XUSE.UK,D,20251231,000000,4.7945,4.8015,4.7595,4.7665,208427,0
XUSE.UK,D,20260102,000000,4.86,4.86,4.766,4.7845,1072721,0
XUSE.UK,D,20260105,000000,4.826,4.8445,4.806,4.83025,886441,0
XUSE.UK,D,20260106,000000,4.8405,4.855,4.82,4.8495,1168460,0
XUSE.UK,D,20260107,000000,4.8535,4.855,4.8335,4.8485,535339,0
XUSE.UK,D,20260108,000000,4.8395,4.8543,4.829,4.8475,296577,0
XUSE.UK,D,20260109,000000,4.853,4.9105,4.8475,4.903,438615,0
XUSE.UK,D,20260112,000000,4.9065,4.926,4.8975,4.9135,826968,0
XUSE.UK,D,20260113,000000,4.905,4.9225,4.8955,4.9085,1122761,0
XUSE.UK,D,20260114,000000,4.9217,6.6155,4.909,6.6155,3472069,0
XUSE.UK,D,20260115,000000,4.946,4.964,4.9325,4.95875,2512619,0
XUSE.UK,D,20260116,000000,4.9605,4.962,4.9375,4.9495,356385,0
XUSE.UK,D,20260119,000000,4.9165,4.933,4.9015,4.908,654989,0
XUSE.UK,D,20260120,000000,4.8755,4.8835,4.84688,4.8805,672461,0
XUSE.UK,D,20260121,000000,4.87736,6.5458,4.86425,6.5458,637454,0
XUSE.UK,D,20260122,000000,4.916,4.9415,4.9085,4.9155,1257960,0
XUSE.UK,D,20260123,000000,4.9165,4.9165,4.8795,4.8835,844610,0
XUSE.UK,D,20260126,000000,4.9015,4.9185,4.8835,4.89475,1120606,0
XUSE.UK,D,20260127,000000,4.917,4.9315,4.9,4.928,613179,0
XUSE.UK,D,20260128,000000,4.9325,4.9435,4.883,4.88675,577712,0
XUSE.UK,D,20260129,000000,4.9075,4.9415,4.87053,4.877,876182,0
XUSE.UK,D,20260130,000000,4.8875,4.922,4.8805,4.89475,1113407,0
XUSE.UK,D,20260202,000000,4.8585,4.9345,4.85,4.92825,987764,0
XUSE.UK,D,20260203,000000,4.957,4.9715,4.9195,4.9235,548940,0
XUSE.UK,D,20260204,000000,4.9345,4.9805,4.9255,4.96175,587161,0
XUSE.UK,D,20260205,000000,4.9795,4.9795,4.923,4.94225,2055207,0
XUSE.UK,D,20260206,000000,4.922,5,4.922,4.9805,775511,0
XUSE.UK,D,20260209,000000,5.025,5.0449,5.003,5.042,3389805,0
XUSE.UK,D,20260210,000000,5.065,5.104,5.054,5.079,803009,0
XUSE.UK,D,20260211,000000,5.108,5.12,5.07,5.091,1648370,0
XUSE.UK,D,20260212,000000,5.128,5.132,5.0621,5.066,833606,0
XUSE.UK,D,20260213,000000,5.06,5.079,5.033,5.071,911640,0
XUSE.UK,D,20260216,000000,5.059,5.066,5.043,5.046,983968,0
XUSE.UK,D,20260217,000000,5.063,5.09796,5.053,5.094,697106,0
XUSE.UK,D,20260218,000000,5.1,5.144,5.097,5.137,924573,0
XUSE.UK,D,20260219,000000,5.153,5.153,5.115,5.137,950006,0
XUSE.UK,D,20260220,000000,5.142,5.19,5.123,5.152,694027,0
XUSE.UK,D,20260223,000000,5.152,5.173,5.1346,5.14,845229,0
XUSE.UK,D,20260224,000000,5.171,5.171,5.116,5.136,549673,0
XUSE.UK,D,20260225,000000,5.142,5.187,5.142,5.181,1372198,0
XUSE.UK,D,20260226,000000,5.183,5.278,5.169,5.191,1601387,0
XUSE.UK,D,20260227,000000,5.233,5.241,5.209,5.228,944882,0
XUSE.UK,D,20260302,000000,5.161,5.161,5.115,5.136,1774042,0
XUSE.UK,D,20260303,000000,5.077,5.092,4.9235,4.968,2123744,0
XUSE.UK,D,20260304,000000,4.9825,5.063,4.971,5.044,1820466,0
XUSE.UK,D,20260305,000000,5.031,5.071,4.9625,4.9675,1357158,0
XUSE.UK,D,20260306,000000,5,5.005,4.872,4.9,1367633,0
XUSE.UK,D,20260309,000000,4.813,4.879,4.8,4.874,911356,0
XUSE.UK,D,20260310,000000,4.961,4.9865,4.932,4.9705,10341513,0
XUSE.UK,D,20260311,000000,4.938,4.9485,4.9045,4.923,763956,0
XUSE.UK,D,20260312,000000,4.9125,4.9314,4.8665,4.895,577406,0
XUSE.UK,D,20260313,000000,4.861,4.9395,4.8385,4.8785,671644,0
XUSE.UK,D,20260316,000000,4.9,4.93,4.858,4.902,484692,0
XUSE.UK,D,20260317,000000,4.8975,4.9525,4.89,4.9285,714388,0
XUSE.UK,D,20260318,000000,4.954,4.9605,4.88416,4.8925,813811,0
XUSE.UK,D,20260319,000000,4.8315,4.8575,4.76,4.7785,875897,0
XUSE.UK,D,20260320,000000,4.82,4.82,4.701,4.727,558404,0
XUSE.UK,D,20260323,000000,4.6425,4.9015,4.623,4.745,1193531,0
XUSE.UK,D,20260324,000000,4.7585,4.779,4.7145,4.768,594140,0
XUSE.UK,D,20260325,000000,4.8205,4.8445,4.8085,4.829,496033,0
XUSE.UK,D,20260326,000000,4.806,4.813,4.76896,4.771,413076,0
XUSE.UK,D,20260327,000000,4.8085,4.8085,4.715,4.7355,1180145,0
XUSE.UK,D,20260330,000000,4.755,4.802,4.7355,4.8,655941,0
XUSE.UK,D,20260331,000000,4.78,4.839,4.7735,4.8295,3128792,0
XUSE.UK,D,20260401,000000,4.961,6.5674,4.9225,6.5674,847128,0
XUSE.UK,D,20260402,000000,4.879,4.958,4.865,4.936,406730,0
XUSE.UK,D,20260407,000000,4.942,5.035,4.8865,4.90625,928503,0
XUSE.UK,D,20260408,000000,5.067,5.089,5.042,5.058,1307082,0
XUSE.UK,D,20260409,000000,5.05,5.053,5.016,5.047,480601,0
XUSE.UK,D,20260410,000000,5.038,5.079,5.037,5.061,2285216,0
XUSE.UK,D,20260413,000000,5.023,5.052,5.005,5.043,475571,0
XUSE.UK,D,20260414,000000,5.069,5.092,5.058,5.088,1017337,0
XUSE.UK,D,20260415,000000,5.082,5.095,5.0706,5.076,782413,0
XUSE.UK,D,20260416,000000,5.096,5.107,5.08,5.08,938093,0
XUSE.UK,D,20260417,000000,5.078,5.162,5.07,5.151,1365914,0
XUSE.UK,D,20260420,000000,5.111,5.124,5.096,5.116,699609,0
XUSE.UK,D,20260421,000000,5.12,5.128,5.06194,5.066,951933,0
XUSE.UK,D,20260422,000000,5.078,5.085,5.039,5.041,672778,0
XUSE.UK,D,20260423,000000,5.023,5.053,5.006,5.045,378726,0
XUSE.UK,D,20260424,000000,5.026,5.057,5.007,5.016,634620,0
XUSE.UK,D,20260427,000000,5.025,5.044,5.001,5.004,397968,0
XUSE.UK,D,20260428,000000,5.016,5.037,4.985,5,611394,0
XUSE.UK,D,20260429,000000,5,5.003,4.956,4.966,478348,0
XUSE.UK,D,20260430,000000,4.9545,5.029,4.95,5.022,394682,0
XUSE.UK,D,20260501,000000,5.036,5.043,5,5.028,747093,0
XUSE.UK,D,20260505,000000,5,5.024,4.9875,5.019,1720611,0
XUSE.UK,D,20260506,000000,5.079,5.155,5.072,5.127,848897,0
XUSE.UK,D,20260507,000000,5.149,5.156,5.091,5.095,1009838,0
XUSE.UK,D,20260508,000000,5.093,5.097,5.063,5.072,447148,0
XUSE.UK,D,20260511,000000,5.08,5.093,5.068,5.081,888735,0
XUSE.UK,D,20260512,000000,5.065,5.091,5.054,5.062,825352,0
XUSE.UK,D,20260513,000000,5.108,5.115,5.084,5.106,484564,0
XUSE.UK,D,20260514,000000,5.108,5.144,5.098,5.144,370452,0
XUSE.UK,D,20260515,000000,5.131,5.138,5.083,5.102,542370,0
XUSE.UK,D,20260518,000000,5.06,5.122,5.05,5.097,1071380,0
XUSE.UK,D,20260519,000000,5.106,5.138,5.076,5.081,255559,0
XUSE.UK,D,20260520,000000,5.07,5.157,5.059,5.135,304582,0
XUSE.UK,D,20260521,000000,5.125,5.155,5.111,5.138,319431,0
XUSE.UK,D,20260522,000000,5.176,5.183,5.156,5.174,513564,0
XUSE.UK,D,20260526,000000,5.22,5.229,5.2,5.205,594673,0
XUSE.UK,D,20260527,000000,5.21,5.231,5.189,5.205,388483,0
XUSE.UK,D,20260528,000000,5.182,5.202,5.17,5.2,427843,0
XUSE.UK,D,20260529,000000,5.225,5.237,5.201,5.206,891927,0
XUSE.UK,D,20260601,000000,5.204,5.209,5.152,5.175,567832,0
XUSE.UK,D,20260602,000000,5.196,5.213,5.181,5.211,740464,0
XUSE.UK,D,20260603,000000,5.218,5.228,5.192,5.192,1214556,0
XUSE.UK,D,20260604,000000,5.181,5.211,5.167,5.211,469558,0
XUSE.UK,D,20260605,000000,5.198,5.209,5.166,5.17,639825,0
XUSE.UK,D,20260608,000000,5.125,5.183,5.102,5.172,857429,0
XUSE.UK,D,20260609,000000,5.169,5.196,5.119,5.122,626705,0
XUSE.UK,D,20260610,000000,5.124,5.135,5.06298,5.097,450043,0
XUSE.UK,D,20260611,000000,5.113,5.162,5.1,5.138,489717,0
XUSE.UK,D,20260612,000000,5.188,5.239,5.179,5.239,415404,0
XUSE.UK,D,20260615,000000,5.301,5.309,5.259,5.265,790379,0
XUSE.UK,D,20260616,000000,5.286,5.3,5.275,5.282,612827,0
XUSE.UK,D,20260617,000000,5.298,5.328,5.277,5.328,353026,0
XUSE.UK,D,20260618,000000,5.34,5.348,5.326,5.342,874320,0
XUSE.UK,D,20260619,000000,5.33,5.353,5.314,5.324,300302,0
XUSE.UK,D,20260622,000000,5.337,5.346,5.32,5.335,239173,0
XUSE.UK,D,20260623,000000,5.257,5.284,5.22932,5.27,456286,0
XUSE.UK,D,20260624,000000,5.269,5.278,5.248,5.278,674518,0
XUSE.UK,D,20260625,000000,5.29,5.323,5.279,5.303,583319,0
XUSE.UK,D,20260626,000000,5.287,5.289,5.245,5.281,959671,0
XUSE.UK,D,20260629,000000,5.275,5.295,5.239,5.262,1393475,0
XUSE.UK,D,20260630,000000,5.285,5.305,5.269,5.294,784003,0
XUSE.UK,D,20260701,000000,5.288,5.304,5.256,5.273,6006799,0
XUSE.UK,D,20260702,000000,5.233,5.319,5.23045,5.288,822984,0
